0.000000000000000000e+00
0.000000000000000000e+00
0.000000000000000000e+00
0.000000000000000000e+00
0.000000000000000000e+00
0.000000000000000000e+00
0.000000000000000000e+00
0.000000000000000000e+00
0.000000000000000000e+00
0.000000000000000000e+00
0.000000000000000000e+00
0.000000000000000000e+00
0.000000000000000000e+00
0.000000000000000000e+00
0.000000000000000000e+00
0.000000000000000000e+00
0.000000000000000000e+00
0.000000000000000000e+00
0.000000000000000000e+00
0.000000000000000000e+00
0.000000000000000000e+00
0.000000000000000000e+00
0.000000000000000000e+00
0.000000000000000000e+00
0.000000000000000000e+00
0.000000000000000000e+00
0.000000000000000000e+00
0.000000000000000000e+00
0.000000000000000000e+00
0.000000000000000000e+00
0.000000000000000000e+00
0.000000000000000000e+00
0.000000000000000000e+00
0.000000000000000000e+00
0.000000000000000000e+00
0.000000000000000000e+00
0.000000000000000000e+00
0.000000000000000000e+00
0.000000000000000000e+00
0.000000000000000000e+00
0.000000000000000000e+00
0.000000000000000000e+00
0.000000000000000000e+00
0.000000000000000000e+00
0.000000000000000000e+00
0.000000000000000000e+00
0.000000000000000000e+00
0.000000000000000000e+00
0.000000000000000000e+00
0.000000000000000000e+00
0.000000000000000000e+00
0.000000000000000000e+00
0.000000000000000000e+00
0.000000000000000000e+00
0.000000000000000000e+00
0.000000000000000000e+00
0.000000000000000000e+00
0.000000000000000000e+00
0.000000000000000000e+00
0.000000000000000000e+00
0.000000000000000000e+00
0.000000000000000000e+00
0.000000000000000000e+00
0.000000000000000000e+00
0.000000000000000000e+00
0.000000000000000000e+00
0.000000000000000000e+00
0.000000000000000000e+00
0.000000000000000000e+00
0.000000000000000000e+00
0.000000000000000000e+00
0.000000000000000000e+00
0.000000000000000000e+00
0.000000000000000000e+00
0.000000000000000000e+00
0.000000000000000000e+00
0.000000000000000000e+00
0.000000000000000000e+00
2.600000000000000089e-01
5.400000000000000355e-01
6.800000000000000488e-01
8.000000000000000444e-01
9.499999999999999556e-01
1.020000000000000018e+00
1.040000000000000036e+00
1.050000000000000044e+00
1.060000000000000053e+00
1.149999999999999911e+00
1.449999999999999956e+00
1.639999999999999902e+00
1.850000000000000089e+00
1.979999999999999982e+00
2.149999999999999911e+00
2.310000000000000053e+00
2.470000000000000195e+00
2.640000000000000124e+00
2.720000000000000195e+00
2.819999999999999840e+00
2.890000000000000124e+00
2.950000000000000178e+00
3.040000000000000036e+00
3.100000000000000089e+00
3.160000000000000142e+00
3.200000000000000178e+00
3.220000000000000195e+00
3.229999999999999982e+00
3.279999999999999805e+00
3.390000000000000124e+00
3.399999999999999911e+00
3.430000000000000160e+00
3.509999999999999787e+00
3.580000000000000071e+00
3.609999999999999876e+00
3.600000000000000089e+00
3.600000000000000089e+00
3.609999999999999876e+00
3.609999999999999876e+00
3.680000000000000160e+00
3.759999999999999787e+00
3.729999999999999982e+00
3.700000000000000178e+00
3.709999999999999964e+00
3.709999999999999964e+00
3.709999999999999964e+00
3.709999999999999964e+00
3.709999999999999964e+00
3.709999999999999964e+00
3.729999999999999982e+00
3.729999999999999982e+00
3.759999999999999787e+00
3.770000000000000018e+00
3.740000000000000213e+00
3.740000000000000213e+00
3.770000000000000018e+00
3.759999999999999787e+00
3.770000000000000018e+00
3.770000000000000018e+00
3.770000000000000018e+00
3.790000000000000036e+00
3.799999999999999822e+00
3.799999999999999822e+00
3.819999999999999840e+00
3.830000000000000071e+00
3.830000000000000071e+00
3.859999999999999876e+00
3.879999999999999893e+00
3.879999999999999893e+00
3.879999999999999893e+00
3.910000000000000142e+00
3.930000000000000160e+00
3.939999999999999947e+00
3.939999999999999947e+00
3.939999999999999947e+00
3.959999999999999964e+00
3.959999999999999964e+00
3.970000000000000195e+00
3.959999999999999964e+00
3.959999999999999964e+00
3.970000000000000195e+00
3.959999999999999964e+00
3.970000000000000195e+00
3.990000000000000213e+00
3.990000000000000213e+00
3.990000000000000213e+00
3.990000000000000213e+00
3.990000000000000213e+00
4.000000000000000000e+00
4.019999999999999574e+00
3.660000000000000142e+00
1.520000000000000018e+00
0.000000000000000000e+00
0.000000000000000000e+00
0.000000000000000000e+00
0.000000000000000000e+00
0.000000000000000000e+00
0.000000000000000000e+00
0.000000000000000000e+00
0.000000000000000000e+00
0.000000000000000000e+00
0.000000000000000000e+00
0.000000000000000000e+00
0.000000000000000000e+00
0.000000000000000000e+00
0.000000000000000000e+00
0.000000000000000000e+00
0.000000000000000000e+00
5.999999999999999778e-02
6.700000000000000400e-01
1.659999999999999920e+00
2.140000000000000124e+00
2.310000000000000053e+00
2.390000000000000124e+00
2.540000000000000036e+00
2.609999999999999876e+00
2.589999999999999858e+00
2.609999999999999876e+00
2.680000000000000160e+00
2.770000000000000018e+00
2.839999999999999858e+00
2.890000000000000124e+00
2.950000000000000178e+00
2.990000000000000213e+00
3.000000000000000000e+00
2.990000000000000213e+00
2.990000000000000213e+00
3.000000000000000000e+00
3.000000000000000000e+00
3.000000000000000000e+00
3.029999999999999805e+00
3.040000000000000036e+00
3.089999999999999858e+00
3.100000000000000089e+00
3.100000000000000089e+00
3.109999999999999876e+00
3.109999999999999876e+00
3.109999999999999876e+00
3.129999999999999893e+00
3.140000000000000124e+00
3.160000000000000142e+00
3.189999999999999947e+00
3.220000000000000195e+00
3.200000000000000178e+00
3.189999999999999947e+00
3.189999999999999947e+00
3.189999999999999947e+00
3.200000000000000178e+00
3.220000000000000195e+00
3.229999999999999982e+00
3.240000000000000213e+00
3.259999999999999787e+00
3.270000000000000018e+00
3.259999999999999787e+00
3.270000000000000018e+00
3.279999999999999805e+00
3.279999999999999805e+00
3.279999999999999805e+00
3.290000000000000036e+00
3.279999999999999805e+00
3.279999999999999805e+00
3.279999999999999805e+00
3.279999999999999805e+00
3.290000000000000036e+00
3.290000000000000036e+00
3.290000000000000036e+00
3.310000000000000053e+00
3.310000000000000053e+00
3.290000000000000036e+00
3.310000000000000053e+00
3.310000000000000053e+00
3.310000000000000053e+00
3.319999999999999840e+00
3.319999999999999840e+00
3.350000000000000089e+00
3.379999999999999893e+00
3.399999999999999911e+00
3.379999999999999893e+00
3.359999999999999876e+00
3.379999999999999893e+00
3.379999999999999893e+00
3.379999999999999893e+00
3.350000000000000089e+00
3.350000000000000089e+00
3.350000000000000089e+00
3.350000000000000089e+00
3.359999999999999876e+00
3.379999999999999893e+00
3.359999999999999876e+00
3.379999999999999893e+00
3.379999999999999893e+00
2.649999999999999911e+00
2.680000000000000160e+00
2.680000000000000160e+00
2.660000000000000142e+00
2.569999999999999840e+00
2.560000000000000053e+00
2.629999999999999893e+00
2.609999999999999876e+00
2.089999999999999858e+00
2.899999999999999800e-01
0.000000000000000000e+00
0.000000000000000000e+00
0.000000000000000000e+00
0.000000000000000000e+00
0.000000000000000000e+00
0.000000000000000000e+00
0.000000000000000000e+00
0.000000000000000000e+00
0.000000000000000000e+00
0.000000000000000000e+00
0.000000000000000000e+00
0.000000000000000000e+00
0.000000000000000000e+00
0.000000000000000000e+00
0.000000000000000000e+00
0.000000000000000000e+00
0.000000000000000000e+00
0.000000000000000000e+00
0.000000000000000000e+00
0.000000000000000000e+00
0.000000000000000000e+00
0.000000000000000000e+00
0.000000000000000000e+00
0.000000000000000000e+00
0.000000000000000000e+00
0.000000000000000000e+00
0.000000000000000000e+00
0.000000000000000000e+00
0.000000000000000000e+00
0.000000000000000000e+00
0.000000000000000000e+00
0.000000000000000000e+00
0.000000000000000000e+00
0.000000000000000000e+00
0.000000000000000000e+00
0.000000000000000000e+00
0.000000000000000000e+00
0.000000000000000000e+00
0.000000000000000000e+00
0.000000000000000000e+00
0.000000000000000000e+00
0.000000000000000000e+00
0.000000000000000000e+00
0.000000000000000000e+00
0.000000000000000000e+00
0.000000000000000000e+00
0.000000000000000000e+00
0.000000000000000000e+00
0.000000000000000000e+00
0.000000000000000000e+00
0.000000000000000000e+00
0.000000000000000000e+00
0.000000000000000000e+00
0.000000000000000000e+00
0.000000000000000000e+00
0.000000000000000000e+00
0.000000000000000000e+00
0.000000000000000000e+00
0.000000000000000000e+00
0.000000000000000000e+00
0.000000000000000000e+00
0.000000000000000000e+00
0.000000000000000000e+00
0.000000000000000000e+00
