0.000000000000000000e+00
1.655999999999999917e+00
2.117580000000000098e+02
2.118580000000000041e+02
2.119590000000000032e+02
0.000000000000000000e+00
2.112520000000000095e+02
2.113530000000000086e+02
2.114540000000000077e+02
2.115550000000000068e+02
2.116560000000000059e+02
2.117580000000000098e+02
2.118580000000000041e+02
2.119590000000000032e+02
0.000000000000000000e+00
1.000000000000000056e-01
2.010000000000000120e-01
3.019999999999999907e-01
4.030000000000000249e-01
5.030000000000000027e-01
6.049999999999999822e-01
7.049999999999999600e-01
8.060000000000000497e-01
9.080000000000000293e-01
1.008000000000000007e+00
1.110000000000000098e+00
1.209999999999999964e+00
1.310999999999999943e+00
1.413000000000000034e+00
1.512999999999999901e+00
1.614000000000000101e+00
1.715000000000000080e+00
1.816000000000000059e+00
1.915999999999999925e+00
2.017999999999999794e+00
2.119000000000000217e+00
2.220000000000000195e+00
2.321000000000000174e+00
2.420999999999999819e+00
2.523000000000000131e+00
2.624000000000000110e+00
2.724000000000000199e+00
2.826000000000000068e+00
2.926000000000000156e+00
3.027000000000000135e+00
3.129000000000000004e+00
3.229000000000000092e+00
3.330999999999999961e+00
3.431000000000000050e+00
3.532000000000000028e+00
3.633999999999999897e+00
3.733999999999999986e+00
3.834999999999999964e+00
3.935999999999999943e+00
4.036999999999999922e+00
4.139000000000000234e+00
4.238999999999999879e+00
4.339999999999999858e+00
4.440999999999999837e+00
4.541999999999999815e+00
4.642999999999999794e+00
4.743999999999999773e+00
4.844999999999999751e+00
4.945000000000000284e+00
5.046999999999999709e+00
5.147999999999999687e+00
5.248999999999999666e+00
5.349999999999999645e+00
5.450000000000000178e+00
5.551999999999999602e+00
5.652999999999999581e+00
5.753000000000000114e+00
5.855000000000000426e+00
5.955000000000000071e+00
6.056000000000000050e+00
6.158000000000000362e+00
6.258000000000000007e+00
6.360000000000000320e+00
6.459999999999999964e+00
6.560999999999999943e+00
6.663000000000000256e+00
6.762999999999999901e+00
6.863999999999999879e+00
6.964999999999999858e+00
7.065999999999999837e+00
7.168000000000000149e+00
7.267999999999999794e+00
7.368999999999999773e+00
7.469999999999999751e+00
7.570999999999999730e+00
7.671999999999999709e+00
7.772999999999999687e+00
7.873999999999999666e+00
7.974000000000000199e+00
8.076000000000000512e+00
8.176999999999999602e+00
8.278000000000000469e+00
8.378999999999999559e+00
8.478999999999999204e+00
8.580999999999999517e+00
8.682000000000000384e+00
8.782000000000000028e+00
8.884000000000000341e+00
8.983999999999999986e+00
9.085000000000000853e+00
9.185999999999999943e+00
9.287000000000000810e+00
9.388999999999999346e+00
9.489000000000000767e+00
9.589999999999999858e+00
9.691000000000000725e+00
9.791999999999999815e+00
9.893000000000000682e+00
9.993999999999999773e+00
1.009500000000000064e+01
1.019599999999999973e+01
1.029700000000000060e+01
1.039799999999999969e+01
1.049900000000000055e+01
1.059999999999999964e+01
1.070100000000000051e+01
1.080199999999999960e+01
1.090300000000000047e+01
1.100399999999999956e+01
1.110500000000000043e+01
1.120599999999999952e+01
1.130799999999999983e+01
1.140799999999999947e+01
1.150900000000000034e+01
1.161100000000000065e+01
1.171100000000000030e+01
1.181199999999999939e+01
1.191399999999999970e+01
1.201399999999999935e+01
1.211500000000000021e+01
1.221700000000000053e+01
1.231700000000000017e+01
1.241900000000000048e+01
1.251999999999999957e+01
1.261999999999999922e+01
1.272199999999999953e+01
1.282300000000000040e+01
1.292300000000000004e+01
1.302500000000000036e+01
1.312599999999999945e+01
1.322700000000000031e+01
1.332799999999999940e+01
1.342900000000000027e+01
1.352999999999999936e+01
1.363100000000000023e+01
1.373199999999999932e+01
1.383300000000000018e+01
1.393399999999999928e+01
1.403400000000000070e+01
1.413599999999999923e+01
1.423700000000000010e+01
1.433799999999999919e+01
1.443900000000000006e+01
1.453999999999999915e+01
1.464100000000000001e+01
1.474200000000000088e+01
1.484299999999999997e+01
1.494400000000000084e+01
1.504499999999999993e+01
1.514700000000000024e+01
1.524699999999999989e+01
1.534800000000000075e+01
1.544999999999999929e+01
1.555000000000000071e+01
1.565099999999999980e+01
1.575300000000000011e+01
1.585299999999999976e+01
1.595400000000000063e+01
1.605600000000000094e+01
1.615599999999999881e+01
1.625799999999999912e+01
1.635900000000000176e+01
1.645899999999999963e+01
1.656099999999999994e+01
1.666199999999999903e+01
1.676200000000000045e+01
1.686400000000000077e+01
1.696499999999999986e+01
1.706500000000000128e+01
1.716700000000000159e+01
1.726800000000000068e+01
1.736899999999999977e+01
1.746999999999999886e+01
1.757000000000000028e+01
1.767200000000000060e+01
1.777299999999999969e+01
1.787300000000000111e+01
1.797500000000000142e+01
1.807600000000000051e+01
1.817699999999999960e+01
1.827799999999999869e+01
1.837900000000000134e+01
1.848000000000000043e+01
1.858099999999999952e+01
1.868199999999999861e+01
1.878300000000000125e+01
1.888400000000000034e+01
1.898499999999999943e+01
1.908599999999999852e+01
1.918700000000000117e+01
1.928900000000000148e+01
1.938899999999999935e+01
1.948999999999999844e+01
1.959199999999999875e+01
1.969200000000000017e+01
1.979299999999999926e+01
1.989499999999999957e+01
1.999500000000000099e+01
2.009700000000000131e+01
2.019800000000000040e+01
2.029799999999999827e+01
2.039999999999999858e+01
2.050000000000000000e+01
2.060099999999999909e+01
2.070299999999999940e+01
2.080300000000000082e+01
2.090399999999999991e+01
2.100600000000000023e+01
2.110600000000000165e+01
2.120799999999999841e+01
2.130900000000000105e+01
2.140899999999999892e+01
2.151099999999999923e+01
2.161199999999999832e+01
2.171199999999999974e+01
2.181400000000000006e+01
2.191499999999999915e+01
2.201599999999999824e+01
2.211700000000000088e+01
2.221799999999999997e+01
2.231899999999999906e+01
2.242000000000000171e+01
2.252100000000000080e+01
2.262199999999999989e+01
2.272299999999999898e+01
2.282400000000000162e+01
2.292500000000000071e+01
2.302599999999999980e+01
2.312699999999999889e+01
2.322800000000000153e+01
2.332900000000000063e+01
2.342999999999999972e+01
2.353099999999999881e+01
2.363200000000000145e+01
2.373300000000000054e+01
2.383399999999999963e+01
2.393599999999999994e+01
2.403600000000000136e+01
2.413700000000000045e+01
2.423900000000000077e+01
2.433899999999999864e+01
2.444000000000000128e+01
2.454200000000000159e+01
2.464199999999999946e+01
2.474299999999999855e+01
2.484499999999999886e+01
2.494500000000000028e+01
2.504700000000000060e+01
2.514799999999999969e+01
2.524800000000000111e+01
2.535000000000000142e+01
2.545100000000000051e+01
2.555099999999999838e+01
2.565299999999999869e+01
2.575400000000000134e+01
2.585399999999999920e+01
2.595599999999999952e+01
2.605600000000000094e+01
2.615800000000000125e+01
2.625900000000000034e+01
2.635900000000000176e+01
2.646099999999999852e+01
2.656200000000000117e+01
2.666199999999999903e+01
2.676399999999999935e+01
2.686499999999999844e+01
2.696600000000000108e+01
2.706700000000000017e+01
2.716799999999999926e+01
2.726899999999999835e+01
2.737000000000000099e+01
2.747100000000000009e+01
2.757199999999999918e+01
2.767299999999999827e+01
2.777400000000000091e+01
2.787500000000000000e+01
2.797599999999999909e+01
2.807799999999999940e+01
2.817800000000000082e+01
2.827899999999999991e+01
2.838100000000000023e+01
2.848100000000000165e+01
2.858200000000000074e+01
2.868400000000000105e+01
2.878399999999999892e+01
2.888599999999999923e+01
2.898699999999999832e+01
2.908699999999999974e+01
2.918900000000000006e+01
2.928900000000000148e+01
2.939000000000000057e+01
2.949200000000000088e+01
2.959199999999999875e+01
2.969300000000000139e+01
2.979500000000000171e+01
2.989499999999999957e+01
2.999699999999999989e+01
3.009799999999999898e+01
3.019800000000000040e+01
3.030000000000000071e+01
3.040099999999999980e+01
3.050100000000000122e+01
3.060300000000000153e+01
3.070400000000000063e+01
3.080399999999999849e+01
3.090599999999999881e+01
3.100700000000000145e+01
3.110800000000000054e+01
3.120899999999999963e+01
3.130999999999999872e+01
3.141100000000000136e+01
3.151200000000000045e+01
3.161299999999999955e+01
3.171399999999999864e+01
3.181500000000000128e+01
3.191700000000000159e+01
3.201700000000000301e+01
3.211800000000000210e+01
3.221900000000000119e+01
3.232000000000000028e+01
3.242099999999999937e+01
3.252199999999999847e+01
3.262299999999999756e+01
3.272399999999999665e+01
3.282500000000000284e+01
3.292600000000000193e+01
3.302799999999999869e+01
3.312800000000000011e+01
3.322899999999999920e+01
3.333100000000000307e+01
3.343099999999999739e+01
3.353199999999999648e+01
3.363400000000000034e+01
3.373400000000000176e+01
3.383599999999999852e+01
3.393699999999999761e+01
3.403699999999999903e+01
3.413900000000000290e+01
3.424000000000000199e+01
3.434000000000000341e+01
3.444200000000000017e+01
3.454299999999999926e+01
3.464300000000000068e+01
3.474499999999999744e+01
3.484599999999999653e+01
3.494700000000000273e+01
3.504800000000000182e+01
3.514900000000000091e+01
3.525000000000000000e+01
3.535099999999999909e+01
3.545100000000000051e+01
3.555299999999999727e+01
3.565400000000000347e+01
3.575500000000000256e+01
3.585600000000000165e+01
3.595700000000000074e+01
3.605799999999999983e+01
3.615899999999999892e+01
3.625999999999999801e+01
3.636099999999999710e+01
3.646200000000000330e+01
3.656300000000000239e+01
3.666400000000000148e+01
3.676500000000000057e+01
3.686699999999999733e+01
3.696699999999999875e+01
3.706799999999999784e+01
3.717000000000000171e+01
3.727000000000000313e+01
3.737100000000000222e+01
3.747299999999999898e+01
3.757300000000000040e+01
3.767499999999999716e+01
3.777600000000000335e+01
3.787599999999999767e+01
3.797800000000000153e+01
3.807900000000000063e+01
3.817900000000000205e+01
3.828099999999999881e+01
3.838199999999999790e+01
3.848199999999999932e+01
3.858400000000000318e+01
3.868399999999999750e+01
3.878600000000000136e+01
3.888700000000000045e+01
3.898700000000000188e+01
3.908899999999999864e+01
3.918999999999999773e+01
3.928999999999999915e+01
3.939200000000000301e+01
3.949300000000000210e+01
3.959300000000000352e+01
3.969500000000000028e+01
3.979599999999999937e+01
3.989699999999999847e+01
3.999799999999999756e+01
4.009899999999999665e+01
4.020000000000000284e+01
4.030100000000000193e+01
4.040200000000000102e+01
4.050300000000000011e+01
4.060399999999999920e+01
4.070600000000000307e+01
4.080599999999999739e+01
4.090699999999999648e+01
4.100900000000000034e+01
4.110900000000000176e+01
4.121000000000000085e+01
4.131199999999999761e+01
4.141199999999999903e+01
4.151299999999999812e+01
4.161500000000000199e+01
4.171500000000000341e+01
4.181700000000000017e+01
4.191799999999999926e+01
4.201800000000000068e+01
4.211999999999999744e+01
4.222099999999999653e+01
4.232099999999999795e+01
4.242300000000000182e+01
4.252400000000000091e+01
4.262500000000000000e+01
4.272599999999999909e+01
4.282699999999999818e+01
4.292799999999999727e+01
4.302900000000000347e+01
4.312899999999999778e+01
4.323100000000000165e+01
4.333200000000000074e+01
4.343200000000000216e+01
4.353399999999999892e+01
4.363499999999999801e+01
4.373599999999999710e+01
4.383700000000000330e+01
4.393800000000000239e+01
4.403900000000000148e+01
4.414000000000000057e+01
4.424099999999999966e+01
4.434199999999999875e+01
4.444299999999999784e+01
4.454500000000000171e+01
4.464500000000000313e+01
4.474600000000000222e+01
4.484799999999999898e+01
4.494800000000000040e+01
4.504899999999999949e+01
4.515100000000000335e+01
4.525099999999999767e+01
4.535199999999999676e+01
4.545400000000000063e+01
4.555400000000000205e+01
4.565599999999999881e+01
4.575699999999999790e+01
4.585699999999999932e+01
4.595900000000000318e+01
4.606000000000000227e+01
4.615999999999999659e+01
4.626200000000000045e+01
4.636299999999999955e+01
4.646399999999999864e+01
4.656499999999999773e+01
4.666599999999999682e+01
4.676700000000000301e+01
4.686800000000000210e+01
4.696800000000000352e+01
4.707000000000000028e+01
4.717099999999999937e+01
4.727100000000000080e+01
4.737299999999999756e+01
4.747399999999999665e+01
4.757500000000000284e+01
4.767600000000000193e+01
4.777700000000000102e+01
4.787800000000000011e+01
4.797899999999999920e+01
4.807999999999999829e+01
4.818099999999999739e+01
4.828199999999999648e+01
4.838400000000000034e+01
4.848400000000000176e+01
4.858500000000000085e+01
4.868699999999999761e+01
4.878699999999999903e+01
4.888799999999999812e+01
4.899000000000000199e+01
4.909000000000000341e+01
4.919100000000000250e+01
4.929299999999999926e+01
4.939300000000000068e+01
4.949499999999999744e+01
4.959599999999999653e+01
4.969599999999999795e+01
4.979800000000000182e+01
4.989900000000000091e+01
4.999900000000000233e+01
5.010099999999999909e+01
5.020199999999999818e+01
5.030199999999999960e+01
5.040400000000000347e+01
5.050399999999999778e+01
5.060600000000000165e+01
5.070700000000000074e+01
5.080700000000000216e+01
5.090899999999999892e+01
5.100999999999999801e+01
5.110999999999999943e+01
5.121200000000000330e+01
5.131300000000000239e+01
5.141400000000000148e+01
5.151500000000000057e+01
5.161599999999999966e+01
5.171699999999999875e+01
5.181799999999999784e+01
5.191899999999999693e+01
5.202000000000000313e+01
5.212100000000000222e+01
5.222200000000000131e+01
5.232300000000000040e+01
5.242399999999999949e+01
5.252600000000000335e+01
5.262599999999999767e+01
5.272699999999999676e+01
5.282900000000000063e+01
5.292900000000000205e+01
5.303000000000000114e+01
5.313199999999999790e+01
5.323199999999999932e+01
5.333400000000000318e+01
5.343500000000000227e+01
5.353499999999999659e+01
5.363700000000000045e+01
5.373799999999999955e+01
5.383800000000000097e+01
5.393999999999999773e+01
5.403999999999999915e+01
5.414099999999999824e+01
5.424300000000000210e+01
5.434300000000000352e+01
5.444500000000000028e+01
5.454599999999999937e+01
5.464600000000000080e+01
5.474799999999999756e+01
5.484899999999999665e+01
5.494899999999999807e+01
5.505100000000000193e+01
5.515200000000000102e+01
5.525200000000000244e+01
5.535399999999999920e+01
5.545499999999999829e+01
5.555599999999999739e+01
5.565699999999999648e+01
5.575800000000000267e+01
5.585900000000000176e+01
5.596000000000000085e+01
5.606099999999999994e+01
5.616199999999999903e+01
5.626299999999999812e+01
5.636500000000000199e+01
5.646500000000000341e+01
5.656600000000000250e+01
5.666799999999999926e+01
5.676800000000000068e+01
5.686899999999999977e+01
5.697099999999999653e+01
5.707099999999999795e+01
5.717199999999999704e+01
5.727400000000000091e+01
5.737400000000000233e+01
5.747599999999999909e+01
5.757699999999999818e+01
5.767699999999999960e+01
5.777900000000000347e+01
5.788000000000000256e+01
5.797999999999999687e+01
5.808200000000000074e+01
5.818299999999999983e+01
5.828399999999999892e+01
5.838499999999999801e+01
5.848499999999999943e+01
5.858700000000000330e+01
5.868800000000000239e+01
5.878799999999999670e+01
5.889000000000000057e+01
5.899099999999999966e+01
5.909100000000000108e+01
5.919299999999999784e+01
5.929399999999999693e+01
5.939500000000000313e+01
5.949600000000000222e+01
5.959700000000000131e+01
5.969800000000000040e+01
5.979899999999999949e+01
5.989999999999999858e+01
6.000099999999999767e+01
6.010199999999999676e+01
6.020400000000000063e+01
6.030400000000000205e+01
6.040500000000000114e+01
6.050699999999999790e+01
6.060699999999999932e+01
6.070799999999999841e+01
6.081000000000000227e+01
6.090999999999999659e+01
6.101100000000000279e+01
6.111299999999999955e+01
6.121300000000000097e+01
6.131499999999999773e+01
6.141499999999999915e+01
6.151599999999999824e+01
6.161800000000000210e+01
6.171800000000000352e+01
6.181900000000000261e+01
6.192099999999999937e+01
6.202100000000000080e+01
6.212299999999999756e+01
6.222399999999999665e+01
6.232399999999999807e+01
6.242600000000000193e+01
6.252700000000000102e+01
6.262700000000000244e+01
6.272899999999999920e+01
6.282999999999999829e+01
6.292999999999999972e+01
6.303199999999999648e+01
6.313300000000000267e+01
6.323400000000000176e+01
6.333500000000000085e+01
6.343599999999999994e+01
6.353699999999999903e+01
6.363799999999999812e+01
6.373899999999999721e+01
6.384000000000000341e+01
6.394100000000000250e+01
6.404099999999999682e+01
6.414300000000000068e+01
6.424399999999999977e+01
6.434499999999999886e+01
6.444599999999999795e+01
6.454699999999999704e+01
6.464799999999999613e+01
6.474899999999999523e+01
6.484999999999999432e+01
6.495099999999999341e+01
6.505200000000000671e+01
6.515399999999999636e+01
6.525400000000000489e+01
6.535500000000000398e+01
6.545699999999999363e+01
6.555700000000000216e+01
6.565800000000000125e+01
6.576000000000000512e+01
6.585999999999999943e+01
6.596099999999999852e+01
6.606300000000000239e+01
6.616299999999999670e+01
6.626500000000000057e+01
6.636599999999999966e+01
6.646599999999999397e+01
6.656799999999999784e+01
6.666899999999999693e+01
6.676900000000000546e+01
6.687099999999999511e+01
6.697100000000000364e+01
6.707299999999999329e+01
6.717400000000000659e+01
6.727400000000000091e+01
6.737600000000000477e+01
6.747700000000000387e+01
6.757699999999999818e+01
6.767900000000000205e+01
6.778000000000000114e+01
6.787999999999999545e+01
6.798199999999999932e+01
6.808299999999999841e+01
6.818399999999999750e+01
6.828499999999999659e+01
6.838599999999999568e+01
6.848699999999999477e+01
6.858799999999999386e+01
6.868899999999999295e+01
6.879000000000000625e+01
6.889100000000000534e+01
6.899299999999999500e+01
6.909300000000000352e+01
6.919400000000000261e+01
6.929600000000000648e+01
6.939600000000000080e+01
6.949699999999999989e+01
6.959799999999999898e+01
6.969899999999999807e+01
6.979999999999999716e+01
6.990099999999999625e+01
7.000199999999999534e+01
7.010399999999999920e+01
7.020399999999999352e+01
7.030500000000000682e+01
7.040699999999999648e+01
7.050700000000000500e+01
7.060800000000000409e+01
7.070999999999999375e+01
7.081000000000000227e+01
7.091200000000000614e+01
7.101200000000000045e+01
7.111299999999999955e+01
7.121500000000000341e+01
7.131499999999999773e+01
7.141599999999999682e+01
7.151800000000000068e+01
7.161799999999999500e+01
7.171899999999999409e+01
7.182099999999999795e+01
7.192100000000000648e+01
7.202299999999999613e+01
7.212399999999999523e+01
7.222400000000000375e+01
7.232599999999999341e+01
7.242600000000000193e+01
7.252700000000000102e+01
7.262900000000000489e+01
7.272899999999999920e+01
7.282999999999999829e+01
7.293200000000000216e+01
7.303199999999999648e+01
7.313400000000000034e+01
7.323499999999999943e+01
7.333499999999999375e+01
7.343699999999999761e+01
7.353799999999999670e+01
7.363800000000000523e+01
7.373999999999999488e+01
7.384099999999999397e+01
7.394199999999999307e+01
7.404300000000000637e+01
7.414300000000000068e+01
7.424500000000000455e+01
7.434600000000000364e+01
7.444599999999999795e+01
7.454800000000000182e+01
7.464900000000000091e+01
7.474899999999999523e+01
7.485099999999999909e+01
7.495199999999999818e+01
7.505299999999999727e+01
7.515399999999999636e+01
