0.000000000000000000e+00
0.000000000000000000e+00
1.000000000000000056e-01
2.010000000000000120e-01
3.019999999999999907e-01
4.030000000000000249e-01
5.030000000000000027e-01
6.049999999999999822e-01
7.059999999999999609e-01
8.060000000000000497e-01
9.080000000000000293e-01
1.008000000000000007e+00
1.110000000000000098e+00
1.209999999999999964e+00
1.310999999999999943e+00
1.413000000000000034e+00
1.512999999999999901e+00
1.614000000000000101e+00
1.715000000000000080e+00
1.816000000000000059e+00
1.917000000000000037e+00
2.017999999999999794e+00
2.119000000000000217e+00
2.221000000000000085e+00
2.321000000000000174e+00
2.422000000000000153e+00
2.523000000000000131e+00
2.624000000000000110e+00
2.725000000000000089e+00
2.826000000000000068e+00
2.927000000000000046e+00
3.027000000000000135e+00
3.129000000000000004e+00
3.229999999999999982e+00
3.330999999999999961e+00
3.431999999999999940e+00
3.532000000000000028e+00
3.633999999999999897e+00
3.734999999999999876e+00
3.834999999999999964e+00
3.936999999999999833e+00
4.036999999999999922e+00
4.139000000000000234e+00
4.240000000000000213e+00
4.339999999999999858e+00
4.442000000000000171e+00
4.543000000000000149e+00
4.642999999999999794e+00
4.745000000000000107e+00
4.844999999999999751e+00
4.945999999999999730e+00
5.048000000000000043e+00
5.147999999999999687e+00
5.250000000000000000e+00
5.349999999999999645e+00
5.450999999999999623e+00
5.552999999999999936e+00
5.652999999999999581e+00
5.753999999999999559e+00
5.855000000000000426e+00
5.956000000000000405e+00
6.057000000000000384e+00
6.158000000000000362e+00
6.259000000000000341e+00
6.360000000000000320e+00
6.461000000000000298e+00
6.562000000000000277e+00
6.663000000000000256e+00
6.764000000000000234e+00
6.865000000000000213e+00
6.966000000000000192e+00
7.067000000000000171e+00
7.168000000000000149e+00
7.269000000000000128e+00
7.370000000000000107e+00
7.471000000000000085e+00
7.572000000000000064e+00
7.671999999999999709e+00
7.774000000000000021e+00
7.875000000000000000e+00
7.974999999999999645e+00
8.076999999999999957e+00
8.178000000000000824e+00
8.278999999999999915e+00
8.380000000000000782e+00
8.480000000000000426e+00
8.582000000000000739e+00
8.682999999999999829e+00
8.782999999999999474e+00
8.884999999999999787e+00
8.984999999999999432e+00
9.086000000000000298e+00
9.188000000000000611e+00
9.288000000000000256e+00
9.390000000000000568e+00
9.490999999999999659e+00
9.590999999999999304e+00
9.692999999999999616e+00
9.792999999999999261e+00
9.894000000000000128e+00
9.996000000000000441e+00
1.009600000000000009e+01
1.019800000000000040e+01
1.029899999999999949e+01
1.039899999999999913e+01
1.050099999999999945e+01
1.060200000000000031e+01
1.070199999999999996e+01
1.080400000000000027e+01
1.090499999999999936e+01
1.100500000000000078e+01
1.110699999999999932e+01
1.120700000000000074e+01
1.130899999999999928e+01
1.141000000000000014e+01
1.150999999999999979e+01
1.161200000000000010e+01
1.171299999999999919e+01
1.181300000000000061e+01
1.191499999999999915e+01
1.201600000000000001e+01
1.211599999999999966e+01
1.221799999999999997e+01
1.231900000000000084e+01
1.241999999999999993e+01
1.252100000000000080e+01
1.262199999999999989e+01
1.272300000000000075e+01
1.282399999999999984e+01
1.292500000000000071e+01
1.302599999999999980e+01
1.312700000000000067e+01
1.322899999999999920e+01
1.332900000000000063e+01
1.342999999999999972e+01
1.353200000000000003e+01
1.363199999999999967e+01
1.373300000000000054e+01
1.383500000000000085e+01
1.393500000000000050e+01
1.403599999999999959e+01
1.413799999999999990e+01
1.423799999999999955e+01
1.433999999999999986e+01
1.444100000000000072e+01
1.454100000000000037e+01
1.464300000000000068e+01
1.474399999999999977e+01
1.484399999999999942e+01
1.494599999999999973e+01
1.504700000000000060e+01
1.514799999999999969e+01
1.524900000000000055e+01
1.534999999999999964e+01
1.545100000000000051e+01
1.555199999999999960e+01
1.565300000000000047e+01
1.575399999999999956e+01
1.585500000000000043e+01
1.595599999999999952e+01
1.605699999999999861e+01
1.615800000000000125e+01
1.626000000000000156e+01
1.635999999999999943e+01
1.646099999999999852e+01
1.656299999999999883e+01
1.666300000000000026e+01
1.676399999999999935e+01
1.686599999999999966e+01
1.696600000000000108e+01
1.706800000000000139e+01
1.716900000000000048e+01
1.726899999999999835e+01
1.737099999999999866e+01
1.747200000000000131e+01
1.757199999999999918e+01
1.767399999999999949e+01
1.777499999999999858e+01
1.787500000000000000e+01
1.797700000000000031e+01
1.807700000000000173e+01
1.817899999999999849e+01
1.828000000000000114e+01
1.837999999999999901e+01
1.848199999999999932e+01
1.858299999999999841e+01
1.868299999999999983e+01
1.878500000000000014e+01
1.888599999999999923e+01
1.898699999999999832e+01
1.908800000000000097e+01
1.918900000000000006e+01
1.928999999999999915e+01
1.939099999999999824e+01
1.949200000000000088e+01
1.959299999999999997e+01
1.969399999999999906e+01
1.979500000000000171e+01
1.989600000000000080e+01
1.999699999999999989e+01
2.009900000000000020e+01
2.019900000000000162e+01
2.030000000000000071e+01
2.040200000000000102e+01
2.050199999999999889e+01
2.060300000000000153e+01
2.070499999999999829e+01
2.080499999999999972e+01
2.090700000000000003e+01
2.100799999999999912e+01
2.110800000000000054e+01
2.121000000000000085e+01
2.131099999999999994e+01
2.141100000000000136e+01
2.151300000000000168e+01
2.161400000000000077e+01
2.171399999999999864e+01
2.181599999999999895e+01
2.191700000000000159e+01
2.201800000000000068e+01
2.211899999999999977e+01
2.221999999999999886e+01
2.232100000000000151e+01
2.242200000000000060e+01
2.252299999999999969e+01
2.262399999999999878e+01
2.272500000000000142e+01
2.282700000000000173e+01
2.292699999999999960e+01
2.302799999999999869e+01
2.312999999999999901e+01
2.323000000000000043e+01
2.333099999999999952e+01
2.343299999999999983e+01
2.353300000000000125e+01
2.363400000000000034e+01
2.373600000000000065e+01
2.383599999999999852e+01
2.393799999999999883e+01
2.403900000000000148e+01
2.413899999999999935e+01
2.424099999999999966e+01
2.434199999999999875e+01
2.444200000000000017e+01
2.454400000000000048e+01
2.464499999999999957e+01
2.474500000000000099e+01
2.484700000000000131e+01
2.494800000000000040e+01
2.504899999999999949e+01
2.514999999999999858e+01
2.525000000000000000e+01
2.535200000000000031e+01
2.545299999999999940e+01
2.555300000000000082e+01
2.565500000000000114e+01
2.575600000000000023e+01
2.585699999999999932e+01
2.595799999999999841e+01
2.605900000000000105e+01
2.616000000000000014e+01
2.626099999999999923e+01
2.636199999999999832e+01
2.646300000000000097e+01
2.656400000000000006e+01
2.666499999999999915e+01
2.676599999999999824e+01
2.686700000000000088e+01
2.696900000000000119e+01
2.706899999999999906e+01
2.717000000000000171e+01
2.727199999999999847e+01
2.737199999999999989e+01
2.747299999999999898e+01
2.757499999999999929e+01
2.767599999999999838e+01
2.777700000000000102e+01
2.787800000000000011e+01
2.797800000000000153e+01
2.807999999999999829e+01
2.818100000000000094e+01
2.828099999999999881e+01
2.838299999999999912e+01
2.848400000000000176e+01
2.858399999999999963e+01
2.868599999999999994e+01
2.878699999999999903e+01
2.888800000000000168e+01
2.898900000000000077e+01
2.908999999999999986e+01
2.919099999999999895e+01
2.929200000000000159e+01
2.939300000000000068e+01
2.949399999999999977e+01
2.959499999999999886e+01
2.969699999999999918e+01
2.979700000000000060e+01
2.989799999999999969e+01
3.000000000000000000e+01
3.010000000000000142e+01
3.020100000000000051e+01
3.030300000000000082e+01
3.040299999999999869e+01
3.050400000000000134e+01
3.060600000000000165e+01
3.070599999999999952e+01
3.080799999999999983e+01
3.090899999999999892e+01
3.100900000000000034e+01
3.111100000000000065e+01
3.121199999999999974e+01
3.131200000000000117e+01
3.141400000000000148e+01
3.151500000000000057e+01
3.161599999999999966e+01
3.171699999999999875e+01
3.181800000000000139e+01
3.191900000000000048e+01
3.202000000000000313e+01
3.212100000000000222e+01
3.222200000000000131e+01
3.232300000000000040e+01
3.242399999999999949e+01
3.252499999999999858e+01
3.262599999999999767e+01
3.272800000000000153e+01
3.282800000000000296e+01
3.292900000000000205e+01
3.303099999999999881e+01
3.313100000000000023e+01
3.323199999999999932e+01
3.333400000000000318e+01
3.343399999999999750e+01
3.353600000000000136e+01
3.363700000000000045e+01
3.373700000000000188e+01
3.383899999999999864e+01
3.393999999999999773e+01
3.403999999999999915e+01
3.414200000000000301e+01
3.424300000000000210e+01
3.434300000000000352e+01
3.444500000000000028e+01
3.454599999999999937e+01
3.464699999999999847e+01
3.474799999999999756e+01
3.484799999999999898e+01
3.495000000000000284e+01
3.505100000000000193e+01
3.515200000000000102e+01
3.525300000000000011e+01
3.535399999999999920e+01
3.545600000000000307e+01
3.555599999999999739e+01
3.565699999999999648e+01
3.575900000000000034e+01
3.585900000000000176e+01
3.596000000000000085e+01
3.606199999999999761e+01
3.616199999999999903e+01
3.626299999999999812e+01
3.636500000000000199e+01
3.646500000000000341e+01
3.656700000000000017e+01
3.666799999999999926e+01
3.676800000000000068e+01
3.686999999999999744e+01
3.697099999999999653e+01
3.707099999999999795e+01
3.717300000000000182e+01
3.727400000000000091e+01
3.737400000000000233e+01
3.747599999999999909e+01
3.757699999999999818e+01
3.767799999999999727e+01
3.777900000000000347e+01
3.788000000000000256e+01
3.798100000000000165e+01
3.808200000000000074e+01
3.818200000000000216e+01
3.828399999999999892e+01
3.838499999999999801e+01
3.848599999999999710e+01
3.858700000000000330e+01
3.868800000000000239e+01
3.878900000000000148e+01
3.889000000000000057e+01
3.899099999999999966e+01
3.909199999999999875e+01
3.919299999999999784e+01
3.929399999999999693e+01
3.939500000000000313e+01
3.949600000000000222e+01
3.959799999999999898e+01
3.969800000000000040e+01
3.979899999999999949e+01
3.990100000000000335e+01
4.000099999999999767e+01
4.010199999999999676e+01
4.020400000000000063e+01
4.030400000000000205e+01
4.040599999999999881e+01
4.050600000000000023e+01
4.060699999999999932e+01
4.070900000000000318e+01
4.080899999999999750e+01
4.090999999999999659e+01
4.101200000000000045e+01
4.111200000000000188e+01
4.121300000000000097e+01
4.131499999999999773e+01
4.141499999999999915e+01
4.151700000000000301e+01
4.161800000000000210e+01
4.171800000000000352e+01
4.182000000000000028e+01
4.192099999999999937e+01
4.202100000000000080e+01
4.212299999999999756e+01
4.222399999999999665e+01
4.232399999999999807e+01
4.242600000000000193e+01
4.252700000000000102e+01
4.262800000000000011e+01
4.272899999999999920e+01
4.282900000000000063e+01
4.293099999999999739e+01
4.303199999999999648e+01
4.313199999999999790e+01
4.323400000000000176e+01
4.333500000000000085e+01
