0.000000000000000000e+00
0.000000000000000000e+00
7.020099999999999341e+01
7.030200000000000671e+01
7.040399999999999636e+01
7.050400000000000489e+01
7.060500000000000398e+01
7.070699999999999363e+01
7.080700000000000216e+01
6.999899999999999523e+01
7.009999999999999432e+01
7.020099999999999341e+01
7.030200000000000671e+01
7.040399999999999636e+01
7.050400000000000489e+01
7.060500000000000398e+01
7.070699999999999363e+01
7.080700000000000216e+01
0.000000000000000000e+00
1.000000000000000056e-01
2.010000000000000120e-01
3.019999999999999907e-01
4.030000000000000249e-01
5.030000000000000027e-01
6.049999999999999822e-01
7.049999999999999600e-01
8.060000000000000497e-01
9.080000000000000293e-01
1.008000000000000007e+00
1.110000000000000098e+00
1.209999999999999964e+00
1.310999999999999943e+00
1.413000000000000034e+00
1.512999999999999901e+00
1.614000000000000101e+00
1.715000000000000080e+00
1.816000000000000059e+00
1.915999999999999925e+00
2.017999999999999794e+00
2.119000000000000217e+00
2.220000000000000195e+00
2.321000000000000174e+00
2.420999999999999819e+00
2.523000000000000131e+00
2.624000000000000110e+00
2.724000000000000199e+00
2.826000000000000068e+00
2.926000000000000156e+00
3.027000000000000135e+00
3.129000000000000004e+00
3.229000000000000092e+00
3.330999999999999961e+00
3.431000000000000050e+00
3.532000000000000028e+00
3.633999999999999897e+00
3.733999999999999986e+00
3.834999999999999964e+00
3.935999999999999943e+00
4.036999999999999922e+00
4.139000000000000234e+00
4.238999999999999879e+00
4.339999999999999858e+00
4.440999999999999837e+00
4.541999999999999815e+00
4.642999999999999794e+00
4.743999999999999773e+00
4.844999999999999751e+00
4.945000000000000284e+00
5.046999999999999709e+00
5.147999999999999687e+00
5.248999999999999666e+00
5.349999999999999645e+00
5.450000000000000178e+00
5.551999999999999602e+00
5.652999999999999581e+00
5.753000000000000114e+00
5.855000000000000426e+00
5.955000000000000071e+00
6.056000000000000050e+00
6.158000000000000362e+00
6.258000000000000007e+00
6.360000000000000320e+00
6.459999999999999964e+00
6.560999999999999943e+00
6.663000000000000256e+00
6.762999999999999901e+00
6.863999999999999879e+00
6.964999999999999858e+00
7.065999999999999837e+00
7.168000000000000149e+00
7.267999999999999794e+00
7.368999999999999773e+00
7.469999999999999751e+00
7.570999999999999730e+00
7.671999999999999709e+00
7.772999999999999687e+00
7.873999999999999666e+00
7.974000000000000199e+00
8.076000000000000512e+00
8.176999999999999602e+00
8.278000000000000469e+00
8.378999999999999559e+00
8.478999999999999204e+00
8.580999999999999517e+00
8.682000000000000384e+00
8.782000000000000028e+00
8.884000000000000341e+00
8.983999999999999986e+00
9.085000000000000853e+00
9.186999999999999389e+00
9.287000000000000810e+00
9.388999999999999346e+00
9.489000000000000767e+00
9.589999999999999858e+00
9.692000000000000171e+00
9.791999999999999815e+00
9.893000000000000682e+00
9.993999999999999773e+00
1.009500000000000064e+01
1.019599999999999973e+01
1.029700000000000060e+01
1.039799999999999969e+01
1.050000000000000000e+01
1.059999999999999964e+01
1.070100000000000051e+01
1.080300000000000082e+01
1.090300000000000047e+01
1.100399999999999956e+01
1.110599999999999987e+01
1.120599999999999952e+01
1.130799999999999983e+01
1.140900000000000070e+01
1.150900000000000034e+01
1.161100000000000065e+01
1.171100000000000030e+01
1.181199999999999939e+01
1.191399999999999970e+01
1.201399999999999935e+01
1.211500000000000021e+01
1.221700000000000053e+01
1.231700000000000017e+01
1.241900000000000048e+01
1.251999999999999957e+01
1.261999999999999922e+01
1.272199999999999953e+01
1.282300000000000040e+01
1.292300000000000004e+01
1.302500000000000036e+01
1.312599999999999945e+01
1.322700000000000031e+01
1.332799999999999940e+01
1.342900000000000027e+01
1.352999999999999936e+01
1.363100000000000023e+01
1.373199999999999932e+01
1.383300000000000018e+01
1.393399999999999928e+01
1.403400000000000070e+01
1.413599999999999923e+01
1.423700000000000010e+01
1.433799999999999919e+01
1.443900000000000006e+01
1.453999999999999915e+01
1.464100000000000001e+01
1.474200000000000088e+01
1.484299999999999997e+01
1.494400000000000084e+01
1.504499999999999993e+01
1.514700000000000024e+01
1.524699999999999989e+01
1.534800000000000075e+01
1.544999999999999929e+01
1.555000000000000071e+01
1.565099999999999980e+01
1.575300000000000011e+01
1.585299999999999976e+01
1.595400000000000063e+01
1.605600000000000094e+01
1.615599999999999881e+01
1.625799999999999912e+01
1.635900000000000176e+01
1.645899999999999963e+01
1.656099999999999994e+01
1.666100000000000136e+01
1.676200000000000045e+01
1.686400000000000077e+01
1.696399999999999864e+01
1.706500000000000128e+01
1.716700000000000159e+01
1.726699999999999946e+01
1.736899999999999977e+01
1.746999999999999886e+01
1.757000000000000028e+01
1.767200000000000060e+01
1.777299999999999969e+01
1.787300000000000111e+01
1.797500000000000142e+01
1.807600000000000051e+01
1.817699999999999960e+01
1.827799999999999869e+01
1.837900000000000134e+01
1.848000000000000043e+01
1.858099999999999952e+01
1.868199999999999861e+01
1.878300000000000125e+01
1.888400000000000034e+01
1.898499999999999943e+01
1.908599999999999852e+01
1.918700000000000117e+01
1.928800000000000026e+01
1.938899999999999935e+01
1.948999999999999844e+01
1.959100000000000108e+01
1.969200000000000017e+01
1.979299999999999926e+01
1.989399999999999835e+01
1.999500000000000099e+01
2.009700000000000131e+01
2.019699999999999918e+01
2.029799999999999827e+01
2.039999999999999858e+01
2.050000000000000000e+01
2.060099999999999909e+01
2.070299999999999940e+01
2.080300000000000082e+01
2.090399999999999991e+01
2.100600000000000023e+01
2.110600000000000165e+01
2.120799999999999841e+01
2.130900000000000105e+01
2.140899999999999892e+01
2.151099999999999923e+01
2.161100000000000065e+01
2.171199999999999974e+01
2.181400000000000006e+01
2.191400000000000148e+01
2.201599999999999824e+01
2.211700000000000088e+01
2.221699999999999875e+01
2.231899999999999906e+01
2.242000000000000171e+01
2.251999999999999957e+01
2.262199999999999989e+01
2.272299999999999898e+01
2.282300000000000040e+01
2.292500000000000071e+01
2.302599999999999980e+01
2.312699999999999889e+01
2.322800000000000153e+01
2.332900000000000063e+01
2.342999999999999972e+01
2.353099999999999881e+01
2.363200000000000145e+01
2.373300000000000054e+01
2.383399999999999963e+01
2.393400000000000105e+01
2.403600000000000136e+01
2.413700000000000045e+01
2.423799999999999955e+01
2.433899999999999864e+01
2.444000000000000128e+01
2.454100000000000037e+01
2.464199999999999946e+01
2.474299999999999855e+01
2.484400000000000119e+01
2.494500000000000028e+01
2.504700000000000060e+01
2.514699999999999847e+01
2.524800000000000111e+01
2.535000000000000142e+01
2.544999999999999929e+01
2.555099999999999838e+01
2.565299999999999869e+01
2.575300000000000011e+01
2.585399999999999920e+01
2.595499999999999829e+01
2.605600000000000094e+01
2.615800000000000125e+01
2.625799999999999912e+01
2.635900000000000176e+01
2.646099999999999852e+01
2.656099999999999994e+01
2.666199999999999903e+01
2.676399999999999935e+01
2.686400000000000077e+01
2.696600000000000108e+01
2.706700000000000017e+01
2.716700000000000159e+01
2.726899999999999835e+01
2.737000000000000099e+01
2.746999999999999886e+01
2.757199999999999918e+01
2.767299999999999827e+01
2.777299999999999969e+01
2.787500000000000000e+01
2.797500000000000142e+01
2.807700000000000173e+01
2.817800000000000082e+01
2.827799999999999869e+01
2.837999999999999901e+01
2.848100000000000165e+01
2.858099999999999952e+01
2.868299999999999983e+01
2.878399999999999892e+01
2.888400000000000034e+01
2.898600000000000065e+01
2.908699999999999974e+01
2.918799999999999883e+01
2.928900000000000148e+01
2.939000000000000057e+01
2.949099999999999966e+01
2.959199999999999875e+01
2.969300000000000139e+01
2.979400000000000048e+01
2.989499999999999957e+01
2.999699999999999989e+01
3.009700000000000131e+01
3.019800000000000040e+01
3.030000000000000071e+01
3.039999999999999858e+01
3.050100000000000122e+01
3.060300000000000153e+01
3.070299999999999940e+01
3.080399999999999849e+01
3.090500000000000114e+01
3.100600000000000023e+01
3.110800000000000054e+01
3.120799999999999841e+01
3.130900000000000105e+01
3.141100000000000136e+01
3.151099999999999923e+01
3.161199999999999832e+01
3.171399999999999864e+01
3.181400000000000006e+01
3.191600000000000037e+01
3.201700000000000301e+01
3.211699999999999733e+01
3.221900000000000119e+01
3.232000000000000028e+01
3.242000000000000171e+01
3.252199999999999847e+01
3.262299999999999756e+01
3.272299999999999898e+01
3.282500000000000284e+01
3.292600000000000193e+01
3.302700000000000102e+01
3.312800000000000011e+01
3.322899999999999920e+01
3.332999999999999829e+01
3.343099999999999739e+01
3.353099999999999881e+01
3.363300000000000267e+01
3.373400000000000176e+01
3.383500000000000085e+01
3.393599999999999994e+01
3.403699999999999903e+01
3.413799999999999812e+01
3.423899999999999721e+01
3.434000000000000341e+01
3.444100000000000250e+01
3.454200000000000159e+01
3.464300000000000068e+01
3.474399999999999977e+01
3.484499999999999886e+01
3.494700000000000273e+01
3.504699999999999704e+01
3.514800000000000324e+01
3.525000000000000000e+01
3.535000000000000142e+01
3.545100000000000051e+01
3.555299999999999727e+01
3.565299999999999869e+01
3.575500000000000256e+01
3.585499999999999687e+01
3.595600000000000307e+01
3.605799999999999983e+01
3.615800000000000125e+01
3.625900000000000034e+01
3.636099999999999710e+01
3.646099999999999852e+01
3.656199999999999761e+01
3.666400000000000148e+01
3.676400000000000290e+01
3.686599999999999966e+01
3.696699999999999875e+01
3.706700000000000017e+01
3.716899999999999693e+01
3.727000000000000313e+01
3.736999999999999744e+01
3.747200000000000131e+01
3.757300000000000040e+01
3.767300000000000182e+01
3.777499999999999858e+01
3.787599999999999767e+01
3.797699999999999676e+01
3.807800000000000296e+01
3.817799999999999727e+01
3.828000000000000114e+01
3.838100000000000023e+01
3.848100000000000165e+01
3.858299999999999841e+01
3.868399999999999750e+01
3.878499999999999659e+01
3.888600000000000279e+01
3.898700000000000188e+01
3.908800000000000097e+01
3.918900000000000006e+01
3.928999999999999915e+01
3.939099999999999824e+01
3.949199999999999733e+01
3.959300000000000352e+01
3.969400000000000261e+01
3.979500000000000171e+01
3.989699999999999847e+01
3.999699999999999989e+01
4.009799999999999898e+01
4.020000000000000284e+01
4.029999999999999716e+01
4.040100000000000335e+01
4.050300000000000011e+01
4.060300000000000153e+01
4.070499999999999829e+01
4.080499999999999972e+01
4.090599999999999881e+01
4.100800000000000267e+01
4.110799999999999699e+01
4.120900000000000318e+01
4.131099999999999994e+01
4.141100000000000136e+01
4.151200000000000045e+01
4.161399999999999721e+01
4.171399999999999864e+01
4.181600000000000250e+01
4.191700000000000159e+01
4.201700000000000301e+01
4.211899999999999977e+01
4.221999999999999886e+01
4.232000000000000028e+01
4.242199999999999704e+01
4.252300000000000324e+01
4.262400000000000233e+01
4.272500000000000142e+01
4.282500000000000284e+01
4.292699999999999960e+01
4.302799999999999869e+01
4.312800000000000011e+01
4.322999999999999687e+01
4.333100000000000307e+01
4.343099999999999739e+01
4.353300000000000125e+01
4.363400000000000034e+01
4.373499999999999943e+01
4.383599999999999852e+01
4.393699999999999761e+01
4.403799999999999670e+01
4.413900000000000290e+01
4.424000000000000199e+01
4.434100000000000108e+01
4.444200000000000017e+01
4.454399999999999693e+01
4.464399999999999835e+01
4.474499999999999744e+01
4.484700000000000131e+01
4.494700000000000273e+01
4.504800000000000182e+01
4.514999999999999858e+01
4.525000000000000000e+01
4.535099999999999909e+01
4.545199999999999818e+01
4.555299999999999727e+01
4.565500000000000114e+01
4.575500000000000256e+01
4.585600000000000165e+01
4.595799999999999841e+01
4.605799999999999983e+01
4.615899999999999892e+01
4.626100000000000279e+01
4.636099999999999710e+01
4.646200000000000330e+01
4.656400000000000006e+01
4.666400000000000148e+01
4.676599999999999824e+01
4.686699999999999733e+01
4.696699999999999875e+01
4.706900000000000261e+01
4.717000000000000171e+01
4.727000000000000313e+01
4.737199999999999989e+01
4.747299999999999898e+01
4.757399999999999807e+01
4.767499999999999716e+01
4.777600000000000335e+01
4.787700000000000244e+01
4.797800000000000153e+01
4.807800000000000296e+01
4.817999999999999972e+01
4.828099999999999881e+01
4.838100000000000023e+01
4.848299999999999699e+01
4.858400000000000318e+01
4.868500000000000227e+01
4.878600000000000136e+01
4.888700000000000045e+01
4.898799999999999955e+01
4.908899999999999864e+01
4.918999999999999773e+01
4.929099999999999682e+01
4.939200000000000301e+01
4.949399999999999977e+01
4.959400000000000119e+01
4.969500000000000028e+01
4.979699999999999704e+01
4.989699999999999847e+01
4.999799999999999756e+01
5.010000000000000142e+01
5.020000000000000284e+01
5.030100000000000193e+01
5.040200000000000102e+01
5.050300000000000011e+01
5.060499999999999687e+01
5.070499999999999829e+01
5.080599999999999739e+01
5.090800000000000125e+01
5.100800000000000267e+01
5.110900000000000176e+01
5.121099999999999852e+01
5.131099999999999994e+01
5.141199999999999903e+01
5.151400000000000290e+01
5.161399999999999721e+01
5.171600000000000108e+01
5.181700000000000017e+01
5.191700000000000159e+01
5.201899999999999835e+01
5.211999999999999744e+01
5.221999999999999886e+01
5.232200000000000273e+01
5.242300000000000182e+01
5.252400000000000091e+01
5.262500000000000000e+01
5.272500000000000142e+01
5.282699999999999818e+01
5.292799999999999727e+01
5.302799999999999869e+01
5.313000000000000256e+01
5.323100000000000165e+01
5.333100000000000307e+01
5.343299999999999983e+01
5.353399999999999892e+01
5.363499999999999801e+01
5.373599999999999710e+01
5.383700000000000330e+01
5.393800000000000239e+01
5.403900000000000148e+01
5.414000000000000057e+01
5.424099999999999966e+01
5.434199999999999875e+01
5.444400000000000261e+01
5.454399999999999693e+01
5.464500000000000313e+01
5.474699999999999989e+01
5.484700000000000131e+01
5.494800000000000040e+01
5.504999999999999716e+01
5.514999999999999858e+01
5.525099999999999767e+01
5.535199999999999676e+01
5.545300000000000296e+01
5.555499999999999972e+01
5.565500000000000114e+01
5.575600000000000023e+01
5.585799999999999699e+01
5.595799999999999841e+01
5.605899999999999750e+01
5.616100000000000136e+01
5.626100000000000279e+01
5.636299999999999955e+01
5.646399999999999864e+01
5.656400000000000006e+01
5.666599999999999682e+01
5.676700000000000301e+01
5.686699999999999733e+01
5.696900000000000119e+01
5.707000000000000028e+01
5.717000000000000171e+01
5.727199999999999847e+01
5.737299999999999756e+01
5.747399999999999665e+01
5.757500000000000284e+01
5.767600000000000193e+01
5.777700000000000102e+01
5.787800000000000011e+01
5.797800000000000153e+01
5.807999999999999829e+01
5.818099999999999739e+01
5.828099999999999881e+01
5.838300000000000267e+01
5.848400000000000176e+01
5.858500000000000085e+01
5.868599999999999994e+01
5.878699999999999903e+01
5.888799999999999812e+01
5.898899999999999721e+01
5.909000000000000341e+01
5.919100000000000250e+01
5.929200000000000159e+01
5.939399999999999835e+01
5.949399999999999977e+01
5.959499999999999886e+01
5.969700000000000273e+01
5.979699999999999704e+01
5.989800000000000324e+01
6.000000000000000000e+01
6.010000000000000142e+01
6.020100000000000051e+01
6.030299999999999727e+01
6.040299999999999869e+01
6.050500000000000256e+01
6.060600000000000165e+01
6.070600000000000307e+01
6.080799999999999983e+01
6.090800000000000125e+01
6.100900000000000034e+01
6.111099999999999710e+01
6.121099999999999852e+01
6.131300000000000239e+01
6.141400000000000148e+01
6.151400000000000290e+01
6.161599999999999966e+01
6.171699999999999875e+01
6.181700000000000017e+01
6.191899999999999693e+01
6.202000000000000313e+01
6.211999999999999744e+01
6.222200000000000131e+01
6.232300000000000040e+01
6.242399999999999949e+01
6.252499999999999858e+01
6.262599999999999767e+01
6.272699999999999676e+01
6.282800000000000296e+01
6.292900000000000205e+01
6.303000000000000114e+01
6.313100000000000023e+01
6.323299999999999699e+01
6.333299999999999841e+01
6.343399999999999750e+01
6.353499999999999659e+01
6.363600000000000279e+01
6.373700000000000188e+01
6.383800000000000097e+01
6.393900000000000006e+01
6.404000000000000625e+01
6.414100000000000534e+01
6.424200000000000443e+01
6.434399999999999409e+01
6.444400000000000261e+01
6.454500000000000171e+01
6.464700000000000557e+01
6.474699999999999989e+01
6.484799999999999898e+01
6.495000000000000284e+01
6.504999999999999716e+01
6.515200000000000102e+01
6.525300000000000011e+01
6.535299999999999443e+01
6.545499999999999829e+01
6.555599999999999739e+01
6.565600000000000591e+01
6.575799999999999557e+01
6.585899999999999466e+01
6.595900000000000318e+01
6.606100000000000705e+01
6.616200000000000614e+01
6.626300000000000523e+01
6.636400000000000432e+01
6.646399999999999864e+01
6.656600000000000250e+01
6.666700000000000159e+01
6.676699999999999591e+01
6.686899999999999977e+01
6.696999999999999886e+01
6.706999999999999318e+01
6.717199999999999704e+01
6.727299999999999613e+01
6.737399999999999523e+01
6.747499999999999432e+01
6.757599999999999341e+01
6.767700000000000671e+01
6.777800000000000580e+01
6.787900000000000489e+01
6.798000000000000398e+01
6.808100000000000307e+01
6.818200000000000216e+01
6.828300000000000125e+01
6.838400000000000034e+01
6.848499999999999943e+01
6.858599999999999852e+01
6.868699999999999761e+01
6.878799999999999670e+01
6.888899999999999579e+01
6.898999999999999488e+01
6.909099999999999397e+01
6.919199999999999307e+01
6.929399999999999693e+01
6.939400000000000546e+01
6.949500000000000455e+01
6.959600000000000364e+01
6.969700000000000273e+01
6.979800000000000182e+01
6.989900000000000091e+01
7.000000000000000000e+01
