0.000000000000000000e+00
0.000000000000000000e+00
0.000000000000000000e+00
0.000000000000000000e+00
0.000000000000000000e+00
0.000000000000000000e+00
0.000000000000000000e+00
0.000000000000000000e+00
0.000000000000000000e+00
0.000000000000000000e+00
0.000000000000000000e+00
0.000000000000000000e+00
0.000000000000000000e+00
0.000000000000000000e+00
0.000000000000000000e+00
0.000000000000000000e+00
0.000000000000000000e+00
0.000000000000000000e+00
0.000000000000000000e+00
0.000000000000000000e+00
0.000000000000000000e+00
0.000000000000000000e+00
0.000000000000000000e+00
0.000000000000000000e+00
0.000000000000000000e+00
0.000000000000000000e+00
0.000000000000000000e+00
0.000000000000000000e+00
0.000000000000000000e+00
0.000000000000000000e+00
0.000000000000000000e+00
0.000000000000000000e+00
0.000000000000000000e+00
0.000000000000000000e+00
0.000000000000000000e+00
0.000000000000000000e+00
0.000000000000000000e+00
0.000000000000000000e+00
0.000000000000000000e+00
0.000000000000000000e+00
0.000000000000000000e+00
0.000000000000000000e+00
0.000000000000000000e+00
0.000000000000000000e+00
0.000000000000000000e+00
0.000000000000000000e+00
0.000000000000000000e+00
0.000000000000000000e+00
0.000000000000000000e+00
0.000000000000000000e+00
0.000000000000000000e+00
0.000000000000000000e+00
0.000000000000000000e+00
0.000000000000000000e+00
0.000000000000000000e+00
0.000000000000000000e+00
0.000000000000000000e+00
0.000000000000000000e+00
0.000000000000000000e+00
8.999999999999999667e-02
4.000000000000000222e-01
6.899999999999999467e-01
9.100000000000000311e-01
1.030000000000000027e+00
1.030000000000000027e+00
1.050000000000000044e+00
1.179999999999999938e+00
1.149999999999999911e+00
1.120000000000000107e+00
1.159999999999999920e+00
1.189999999999999947e+00
1.209999999999999964e+00
1.209999999999999964e+00
1.260000000000000009e+00
1.290000000000000036e+00
1.260000000000000009e+00
1.260000000000000009e+00
1.229999999999999982e+00
1.260000000000000009e+00
1.260000000000000009e+00
1.350000000000000089e+00
1.510000000000000009e+00
1.689999999999999947e+00
1.820000000000000062e+00
1.870000000000000107e+00
1.909999999999999920e+00
1.949999999999999956e+00
1.979999999999999982e+00
2.009999999999999787e+00
2.029999999999999805e+00
2.060000000000000053e+00
2.069999999999999840e+00
2.049999999999999822e+00
2.040000000000000036e+00
2.049999999999999822e+00
2.000000000000000000e+00
1.879999999999999893e+00
1.800000000000000044e+00
1.750000000000000000e+00
1.739999999999999991e+00
1.729999999999999982e+00
1.709999999999999964e+00
1.699999999999999956e+00
1.719999999999999973e+00
1.729999999999999982e+00
1.739999999999999991e+00
1.739999999999999991e+00
1.709999999999999964e+00
1.699999999999999956e+00
1.719999999999999973e+00
1.729999999999999982e+00
1.719999999999999973e+00
1.580000000000000071e+00
1.290000000000000036e+00
1.179999999999999938e+00
1.159999999999999920e+00
1.149999999999999911e+00
1.209999999999999964e+00
1.209999999999999964e+00
1.219999999999999973e+00
1.239999999999999991e+00
1.290000000000000036e+00
1.320000000000000062e+00
1.330000000000000071e+00
1.370000000000000107e+00
1.379999999999999893e+00
1.379999999999999893e+00
1.379999999999999893e+00
1.379999999999999893e+00
1.379999999999999893e+00
1.379999999999999893e+00
1.399999999999999911e+00
1.379999999999999893e+00
1.419999999999999929e+00
1.709999999999999964e+00
1.929999999999999938e+00
2.080000000000000071e+00
2.149999999999999911e+00
2.140000000000000124e+00
2.060000000000000053e+00
1.979999999999999982e+00
1.659999999999999920e+00
1.570000000000000062e+00
1.570000000000000062e+00
1.560000000000000053e+00
1.570000000000000062e+00
1.550000000000000044e+00
1.520000000000000018e+00
1.500000000000000000e+00
1.500000000000000000e+00
1.550000000000000044e+00
1.600000000000000089e+00
1.580000000000000071e+00
1.510000000000000009e+00
1.510000000000000009e+00
1.570000000000000062e+00
1.580000000000000071e+00
1.570000000000000062e+00
1.570000000000000062e+00
1.560000000000000053e+00
1.510000000000000009e+00
1.169999999999999929e+00
4.400000000000000022e-01
3.800000000000000044e-01
1.900000000000000022e-01
0.000000000000000000e+00
0.000000000000000000e+00
0.000000000000000000e+00
0.000000000000000000e+00
0.000000000000000000e+00
0.000000000000000000e+00
0.000000000000000000e+00
0.000000000000000000e+00
0.000000000000000000e+00
0.000000000000000000e+00
0.000000000000000000e+00
0.000000000000000000e+00
0.000000000000000000e+00
0.000000000000000000e+00
0.000000000000000000e+00
0.000000000000000000e+00
0.000000000000000000e+00
0.000000000000000000e+00
0.000000000000000000e+00
0.000000000000000000e+00
0.000000000000000000e+00
0.000000000000000000e+00
0.000000000000000000e+00
0.000000000000000000e+00
0.000000000000000000e+00
0.000000000000000000e+00
0.000000000000000000e+00
0.000000000000000000e+00
0.000000000000000000e+00
0.000000000000000000e+00
0.000000000000000000e+00
0.000000000000000000e+00
0.000000000000000000e+00
0.000000000000000000e+00
0.000000000000000000e+00
0.000000000000000000e+00
0.000000000000000000e+00
0.000000000000000000e+00
0.000000000000000000e+00
0.000000000000000000e+00
0.000000000000000000e+00
0.000000000000000000e+00
0.000000000000000000e+00
0.000000000000000000e+00
0.000000000000000000e+00
0.000000000000000000e+00
0.000000000000000000e+00
0.000000000000000000e+00
0.000000000000000000e+00
0.000000000000000000e+00
0.000000000000000000e+00
0.000000000000000000e+00
0.000000000000000000e+00
0.000000000000000000e+00
0.000000000000000000e+00
0.000000000000000000e+00
0.000000000000000000e+00
0.000000000000000000e+00
0.000000000000000000e+00
0.000000000000000000e+00
0.000000000000000000e+00
0.000000000000000000e+00
0.000000000000000000e+00
0.000000000000000000e+00
0.000000000000000000e+00
0.000000000000000000e+00
0.000000000000000000e+00
0.000000000000000000e+00
0.000000000000000000e+00
0.000000000000000000e+00
0.000000000000000000e+00
0.000000000000000000e+00
