0.000000000000000000e+00
0.000000000000000000e+00
1.000000000000000056e-01
2.010000000000000120e-01
3.019999999999999907e-01
4.030000000000000249e-01
5.030000000000000027e-01
6.049999999999999822e-01
7.049999999999999600e-01
8.060000000000000497e-01
9.080000000000000293e-01
1.008000000000000007e+00
1.110000000000000098e+00
1.209999999999999964e+00
1.310999999999999943e+00
1.413000000000000034e+00
1.512999999999999901e+00
1.614000000000000101e+00
1.715000000000000080e+00
1.816000000000000059e+00
1.915999999999999925e+00
2.017999999999999794e+00
2.119000000000000217e+00
2.220000000000000195e+00
2.321000000000000174e+00
2.420999999999999819e+00
2.523000000000000131e+00
2.624000000000000110e+00
2.724000000000000199e+00
2.826000000000000068e+00
2.926000000000000156e+00
3.027000000000000135e+00
3.129000000000000004e+00
3.229000000000000092e+00
3.330999999999999961e+00
3.431000000000000050e+00
3.532000000000000028e+00
3.633999999999999897e+00
3.733999999999999986e+00
3.834999999999999964e+00
3.935999999999999943e+00
4.036999999999999922e+00
4.139000000000000234e+00
4.238999999999999879e+00
4.339999999999999858e+00
4.440999999999999837e+00
4.541999999999999815e+00
4.642999999999999794e+00
4.743999999999999773e+00
4.844999999999999751e+00
4.945000000000000284e+00
5.046999999999999709e+00
5.147999999999999687e+00
5.248999999999999666e+00
5.349999999999999645e+00
5.450000000000000178e+00
5.551999999999999602e+00
5.652999999999999581e+00
5.753000000000000114e+00
5.855000000000000426e+00
5.955000000000000071e+00
6.056000000000000050e+00
6.158000000000000362e+00
6.258000000000000007e+00
6.360000000000000320e+00
6.459999999999999964e+00
6.560999999999999943e+00
6.663000000000000256e+00
6.762999999999999901e+00
6.863999999999999879e+00
6.964999999999999858e+00
7.065999999999999837e+00
7.168000000000000149e+00
7.267999999999999794e+00
7.368999999999999773e+00
7.469999999999999751e+00
7.570999999999999730e+00
7.671999999999999709e+00
7.772999999999999687e+00
7.873999999999999666e+00
7.974000000000000199e+00
8.076000000000000512e+00
8.176999999999999602e+00
8.278000000000000469e+00
8.378999999999999559e+00
8.478999999999999204e+00
8.580999999999999517e+00
8.682000000000000384e+00
8.782000000000000028e+00
8.884000000000000341e+00
8.983999999999999986e+00
9.085000000000000853e+00
9.186999999999999389e+00
9.287000000000000810e+00
9.388999999999999346e+00
9.489000000000000767e+00
9.589999999999999858e+00
9.692000000000000171e+00
9.791999999999999815e+00
9.893000000000000682e+00
9.993999999999999773e+00
1.009500000000000064e+01
1.019599999999999973e+01
1.029700000000000060e+01
1.039799999999999969e+01
1.050000000000000000e+01
1.059999999999999964e+01
1.070100000000000051e+01
1.080199999999999960e+01
1.090300000000000047e+01
1.100399999999999956e+01
1.110500000000000043e+01
1.120599999999999952e+01
1.130799999999999983e+01
1.140799999999999947e+01
1.150900000000000034e+01
1.161100000000000065e+01
1.171100000000000030e+01
1.181199999999999939e+01
1.191399999999999970e+01
1.201399999999999935e+01
1.211500000000000021e+01
1.221599999999999930e+01
1.231700000000000017e+01
1.241900000000000048e+01
1.251900000000000013e+01
1.261999999999999922e+01
1.272199999999999953e+01
1.282199999999999918e+01
1.292300000000000004e+01
1.302500000000000036e+01
1.312500000000000000e+01
1.322700000000000031e+01
1.332699999999999996e+01
1.342800000000000082e+01
1.352999999999999936e+01
1.363000000000000078e+01
1.373099999999999987e+01
1.383300000000000018e+01
1.393299999999999983e+01
1.403400000000000070e+01
1.413599999999999923e+01
1.423600000000000065e+01
1.433799999999999919e+01
1.443900000000000006e+01
1.453899999999999970e+01
1.464100000000000001e+01
1.474099999999999966e+01
1.484200000000000053e+01
1.494400000000000084e+01
1.504400000000000048e+01
1.514499999999999957e+01
1.524699999999999989e+01
1.534699999999999953e+01
1.544899999999999984e+01
1.555000000000000071e+01
1.565000000000000036e+01
1.575200000000000067e+01
1.585200000000000031e+01
1.595299999999999940e+01
1.605499999999999972e+01
1.615500000000000114e+01
1.625700000000000145e+01
1.635800000000000054e+01
1.645799999999999841e+01
1.655999999999999872e+01
1.666100000000000136e+01
1.676099999999999923e+01
1.686299999999999955e+01
1.696399999999999864e+01
1.706400000000000006e+01
1.716600000000000037e+01
1.726599999999999824e+01
1.736799999999999855e+01
1.746900000000000119e+01
1.756899999999999906e+01
1.767099999999999937e+01
1.777199999999999847e+01
1.787199999999999989e+01
1.797400000000000020e+01
1.807499999999999929e+01
1.817599999999999838e+01
1.827700000000000102e+01
1.837699999999999889e+01
1.847899999999999920e+01
1.857999999999999829e+01
1.867999999999999972e+01
1.878200000000000003e+01
1.888299999999999912e+01
1.898300000000000054e+01
1.908500000000000085e+01
1.918599999999999994e+01
1.928699999999999903e+01
1.938800000000000168e+01
1.948900000000000077e+01
1.958999999999999986e+01
1.969099999999999895e+01
1.979100000000000037e+01
1.989300000000000068e+01
1.999399999999999977e+01
2.009400000000000119e+01
2.019600000000000151e+01
2.029700000000000060e+01
2.039799999999999969e+01
2.049899999999999878e+01
2.060000000000000142e+01
2.070100000000000051e+01
2.080199999999999960e+01
2.090200000000000102e+01
2.100400000000000134e+01
2.110500000000000043e+01
2.120599999999999952e+01
2.130699999999999861e+01
2.140800000000000125e+01
2.150900000000000034e+01
2.160999999999999943e+01
2.171099999999999852e+01
2.181200000000000117e+01
2.191300000000000026e+01
2.201399999999999935e+01
2.211499999999999844e+01
2.221600000000000108e+01
2.231700000000000017e+01
2.241799999999999926e+01
2.251899999999999835e+01
2.262000000000000099e+01
2.272100000000000009e+01
2.282199999999999918e+01
2.292299999999999827e+01
2.302400000000000091e+01
2.312600000000000122e+01
2.322599999999999909e+01
2.332700000000000173e+01
2.342800000000000082e+01
2.352899999999999991e+01
2.362999999999999901e+01
2.373100000000000165e+01
2.383200000000000074e+01
2.393299999999999983e+01
2.403399999999999892e+01
2.413500000000000156e+01
2.423699999999999832e+01
2.433699999999999974e+01
2.443799999999999883e+01
2.453999999999999915e+01
2.464000000000000057e+01
2.474099999999999966e+01
2.484199999999999875e+01
2.494300000000000139e+01
2.504400000000000048e+01
2.514499999999999957e+01
2.524599999999999866e+01
2.534799999999999898e+01
2.544800000000000040e+01
2.554899999999999949e+01
2.565099999999999980e+01
2.575100000000000122e+01
2.585200000000000031e+01
2.595299999999999940e+01
2.605399999999999849e+01
2.615599999999999881e+01
2.625600000000000023e+01
2.635699999999999932e+01
2.645899999999999963e+01
2.655900000000000105e+01
2.666000000000000014e+01
2.676200000000000045e+01
2.686199999999999832e+01
2.696300000000000097e+01
2.706500000000000128e+01
2.716499999999999915e+01
2.726699999999999946e+01
2.736700000000000088e+01
2.746799999999999997e+01
2.757000000000000028e+01
2.767000000000000171e+01
2.777100000000000080e+01
2.787300000000000111e+01
2.797299999999999898e+01
2.807499999999999929e+01
2.817599999999999838e+01
2.827599999999999980e+01
2.837800000000000011e+01
2.847800000000000153e+01
2.857900000000000063e+01
2.868100000000000094e+01
2.878099999999999881e+01
2.888200000000000145e+01
2.898400000000000176e+01
2.908399999999999963e+01
2.918599999999999994e+01
2.928699999999999903e+01
2.938700000000000045e+01
2.948900000000000077e+01
2.958999999999999986e+01
2.969000000000000128e+01
2.979200000000000159e+01
2.989199999999999946e+01
2.999299999999999855e+01
3.009499999999999886e+01
3.019500000000000028e+01
3.029700000000000060e+01
3.039799999999999969e+01
3.049800000000000111e+01
3.060000000000000142e+01
3.070100000000000051e+01
3.080099999999999838e+01
3.090299999999999869e+01
3.100300000000000011e+01
3.110500000000000043e+01
3.120599999999999952e+01
3.130600000000000094e+01
