0.000000000000000000e+00
0.000000000000000000e+00
0.000000000000000000e+00
0.000000000000000000e+00
0.000000000000000000e+00
0.000000000000000000e+00
0.000000000000000000e+00
0.000000000000000000e+00
0.000000000000000000e+00
0.000000000000000000e+00
0.000000000000000000e+00
0.000000000000000000e+00
0.000000000000000000e+00
0.000000000000000000e+00
0.000000000000000000e+00
0.000000000000000000e+00
0.000000000000000000e+00
0.000000000000000000e+00
0.000000000000000000e+00
0.000000000000000000e+00
0.000000000000000000e+00
0.000000000000000000e+00
0.000000000000000000e+00
0.000000000000000000e+00
0.000000000000000000e+00
0.000000000000000000e+00
0.000000000000000000e+00
0.000000000000000000e+00
0.000000000000000000e+00
0.000000000000000000e+00
0.000000000000000000e+00
0.000000000000000000e+00
0.000000000000000000e+00
0.000000000000000000e+00
0.000000000000000000e+00
0.000000000000000000e+00
0.000000000000000000e+00
0.000000000000000000e+00
0.000000000000000000e+00
0.000000000000000000e+00
0.000000000000000000e+00
0.000000000000000000e+00
0.000000000000000000e+00
0.000000000000000000e+00
0.000000000000000000e+00
0.000000000000000000e+00
0.000000000000000000e+00
0.000000000000000000e+00
0.000000000000000000e+00
0.000000000000000000e+00
0.000000000000000000e+00
0.000000000000000000e+00
0.000000000000000000e+00
0.000000000000000000e+00
0.000000000000000000e+00
0.000000000000000000e+00
0.000000000000000000e+00
0.000000000000000000e+00
0.000000000000000000e+00
0.000000000000000000e+00
0.000000000000000000e+00
0.000000000000000000e+00
0.000000000000000000e+00
0.000000000000000000e+00
0.000000000000000000e+00
0.000000000000000000e+00
0.000000000000000000e+00
0.000000000000000000e+00
0.000000000000000000e+00
0.000000000000000000e+00
0.000000000000000000e+00
0.000000000000000000e+00
0.000000000000000000e+00
0.000000000000000000e+00
5.999999999999999778e-02
8.999999999999999667e-02
1.600000000000000033e-01
2.399999999999999911e-01
2.899999999999999800e-01
3.099999999999999978e-01
3.599999999999999867e-01
3.900000000000000133e-01
4.299999999999999933e-01
4.400000000000000022e-01
4.600000000000000200e-01
4.899999999999999911e-01
4.799999999999999822e-01
4.899999999999999911e-01
4.799999999999999822e-01
5.000000000000000000e-01
4.899999999999999911e-01
4.799999999999999822e-01
4.799999999999999822e-01
4.799999999999999822e-01
4.799999999999999822e-01
4.899999999999999911e-01
4.799999999999999822e-01
4.899999999999999911e-01
4.899999999999999911e-01
5.000000000000000000e-01
5.000000000000000000e-01
5.100000000000000089e-01
5.100000000000000089e-01
5.100000000000000089e-01
5.200000000000000178e-01
5.300000000000000266e-01
5.400000000000000355e-01
5.500000000000000444e-01
5.500000000000000444e-01
5.600000000000000533e-01
5.699999999999999512e-01
5.699999999999999512e-01
5.799999999999999600e-01
5.899999999999999689e-01
6.099999999999999867e-01
6.199999999999999956e-01
6.199999999999999956e-01
6.400000000000000133e-01
6.400000000000000133e-01
6.400000000000000133e-01
6.500000000000000222e-01
6.400000000000000133e-01
6.500000000000000222e-01
6.400000000000000133e-01
6.400000000000000133e-01
6.199999999999999956e-01
6.199999999999999956e-01
6.199999999999999956e-01
6.199999999999999956e-01
6.199999999999999956e-01
6.199999999999999956e-01
6.199999999999999956e-01
6.300000000000000044e-01
6.199999999999999956e-01
6.400000000000000133e-01
6.300000000000000044e-01
6.300000000000000044e-01
6.199999999999999956e-01
6.400000000000000133e-01
6.400000000000000133e-01
6.400000000000000133e-01
6.400000000000000133e-01
6.500000000000000222e-01
6.400000000000000133e-01
6.400000000000000133e-01
6.500000000000000222e-01
6.400000000000000133e-01
5.200000000000000178e-01
1.199999999999999956e-01
0.000000000000000000e+00
0.000000000000000000e+00
0.000000000000000000e+00
0.000000000000000000e+00
0.000000000000000000e+00
0.000000000000000000e+00
0.000000000000000000e+00
0.000000000000000000e+00
0.000000000000000000e+00
0.000000000000000000e+00
0.000000000000000000e+00
0.000000000000000000e+00
0.000000000000000000e+00
0.000000000000000000e+00
0.000000000000000000e+00
0.000000000000000000e+00
0.000000000000000000e+00
0.000000000000000000e+00
0.000000000000000000e+00
0.000000000000000000e+00
0.000000000000000000e+00
2.500000000000000000e-01
5.000000000000000000e-01
6.600000000000000311e-01
7.299999999999999822e-01
7.399999999999999911e-01
7.700000000000000178e-01
8.299999999999999600e-01
8.399999999999999689e-01
8.399999999999999689e-01
8.299999999999999600e-01
8.199999999999999512e-01
8.399999999999999689e-01
8.299999999999999600e-01
8.399999999999999689e-01
8.599999999999999867e-01
8.800000000000000044e-01
8.800000000000000044e-01
8.800000000000000044e-01
9.000000000000000222e-01
9.000000000000000222e-01
9.200000000000000400e-01
9.300000000000000488e-01
9.200000000000000400e-01
9.399999999999999467e-01
9.399999999999999467e-01
9.399999999999999467e-01
9.399999999999999467e-01
9.499999999999999556e-01
9.499999999999999556e-01
9.499999999999999556e-01
9.699999999999999734e-01
9.799999999999999822e-01
1.000000000000000000e+00
1.010000000000000009e+00
1.020000000000000018e+00
1.040000000000000036e+00
1.050000000000000044e+00
1.060000000000000053e+00
1.060000000000000053e+00
1.060000000000000053e+00
1.060000000000000053e+00
1.070000000000000062e+00
1.070000000000000062e+00
1.080000000000000071e+00
1.070000000000000062e+00
1.080000000000000071e+00
1.080000000000000071e+00
1.080000000000000071e+00
1.080000000000000071e+00
1.090000000000000080e+00
1.090000000000000080e+00
1.090000000000000080e+00
1.100000000000000089e+00
1.090000000000000080e+00
1.090000000000000080e+00
1.100000000000000089e+00
1.110000000000000098e+00
1.110000000000000098e+00
1.110000000000000098e+00
1.110000000000000098e+00
1.110000000000000098e+00
1.110000000000000098e+00
1.120000000000000107e+00
1.129999999999999893e+00
1.129999999999999893e+00
1.110000000000000098e+00
9.200000000000000400e-01
0.000000000000000000e+00
0.000000000000000000e+00
0.000000000000000000e+00
0.000000000000000000e+00
0.000000000000000000e+00
0.000000000000000000e+00
0.000000000000000000e+00
0.000000000000000000e+00
0.000000000000000000e+00
0.000000000000000000e+00
0.000000000000000000e+00
0.000000000000000000e+00
0.000000000000000000e+00
0.000000000000000000e+00
0.000000000000000000e+00
0.000000000000000000e+00
0.000000000000000000e+00
0.000000000000000000e+00
0.000000000000000000e+00
0.000000000000000000e+00
0.000000000000000000e+00
0.000000000000000000e+00
0.000000000000000000e+00
0.000000000000000000e+00
0.000000000000000000e+00
0.000000000000000000e+00
0.000000000000000000e+00
0.000000000000000000e+00
0.000000000000000000e+00
0.000000000000000000e+00
0.000000000000000000e+00
0.000000000000000000e+00
0.000000000000000000e+00
0.000000000000000000e+00
0.000000000000000000e+00
0.000000000000000000e+00
0.000000000000000000e+00
0.000000000000000000e+00
0.000000000000000000e+00
0.000000000000000000e+00
0.000000000000000000e+00
0.000000000000000000e+00
0.000000000000000000e+00
0.000000000000000000e+00
0.000000000000000000e+00
0.000000000000000000e+00
0.000000000000000000e+00
0.000000000000000000e+00
0.000000000000000000e+00
0.000000000000000000e+00
0.000000000000000000e+00
0.000000000000000000e+00
0.000000000000000000e+00
0.000000000000000000e+00
0.000000000000000000e+00
0.000000000000000000e+00
0.000000000000000000e+00
0.000000000000000000e+00
0.000000000000000000e+00
0.000000000000000000e+00
0.000000000000000000e+00
0.000000000000000000e+00
0.000000000000000000e+00
0.000000000000000000e+00
0.000000000000000000e+00
0.000000000000000000e+00
0.000000000000000000e+00
0.000000000000000000e+00
0.000000000000000000e+00
