0.000000000000000000e+00
0.000000000000000000e+00
1.257639999999999958e+02
1.258649999999999949e+02
1.259659999999999940e+02
1.260669999999999931e+02
1.261689999999999969e+02
0.000000000000000000e+00
1.254609999999999985e+02
1.255619999999999976e+02
1.256629999999999967e+02
1.257639999999999958e+02
1.258649999999999949e+02
1.259659999999999940e+02
1.260669999999999931e+02
1.261689999999999969e+02
0.000000000000000000e+00
1.254609999999999985e+02
1.255619999999999976e+02
1.256629999999999967e+02
1.257639999999999958e+02
1.258649999999999949e+02
1.259659999999999940e+02
1.260669999999999931e+02
1.261689999999999969e+02
0.000000000000000000e+00
1.000000000000000056e-01
2.010000000000000120e-01
3.019999999999999907e-01
4.030000000000000249e-01
5.030000000000000027e-01
6.049999999999999822e-01
7.049999999999999600e-01
8.060000000000000497e-01
9.080000000000000293e-01
1.008000000000000007e+00
1.110000000000000098e+00
1.209999999999999964e+00
1.310999999999999943e+00
1.413000000000000034e+00
1.512999999999999901e+00
1.614000000000000101e+00
1.715000000000000080e+00
1.816000000000000059e+00
1.915999999999999925e+00
2.017999999999999794e+00
2.119000000000000217e+00
2.220000000000000195e+00
2.321000000000000174e+00
2.420999999999999819e+00
2.523000000000000131e+00
2.624000000000000110e+00
2.724000000000000199e+00
2.826000000000000068e+00
2.926000000000000156e+00
3.027000000000000135e+00
3.129000000000000004e+00
3.229000000000000092e+00
3.330999999999999961e+00
3.431000000000000050e+00
3.532000000000000028e+00
3.633999999999999897e+00
3.733999999999999986e+00
3.834999999999999964e+00
3.935999999999999943e+00
4.036999999999999922e+00
4.139000000000000234e+00
4.238999999999999879e+00
4.339999999999999858e+00
4.440999999999999837e+00
4.541999999999999815e+00
4.642999999999999794e+00
4.743999999999999773e+00
4.844999999999999751e+00
4.945000000000000284e+00
5.046999999999999709e+00
5.147999999999999687e+00
5.248999999999999666e+00
5.349999999999999645e+00
5.450000000000000178e+00
5.551999999999999602e+00
5.652999999999999581e+00
5.753000000000000114e+00
5.855000000000000426e+00
5.955000000000000071e+00
6.056000000000000050e+00
6.158000000000000362e+00
6.258000000000000007e+00
6.360000000000000320e+00
6.461000000000000298e+00
6.560999999999999943e+00
6.663000000000000256e+00
6.762999999999999901e+00
6.863999999999999879e+00
6.966000000000000192e+00
7.065999999999999837e+00
7.168000000000000149e+00
7.267999999999999794e+00
7.368999999999999773e+00
7.471000000000000085e+00
7.570999999999999730e+00
7.671999999999999709e+00
7.772999999999999687e+00
7.873999999999999666e+00
7.974999999999999645e+00
8.076000000000000512e+00
8.176999999999999602e+00
8.278999999999999915e+00
8.378999999999999559e+00
8.480000000000000426e+00
8.580999999999999517e+00
8.682000000000000384e+00
8.782999999999999474e+00
8.884000000000000341e+00
8.984999999999999432e+00
9.085000000000000853e+00
9.186999999999999389e+00
9.288000000000000256e+00
9.388999999999999346e+00
9.490000000000000213e+00
9.589999999999999858e+00
9.692000000000000171e+00
9.792999999999999261e+00
9.893000000000000682e+00
9.994999999999999218e+00
1.009500000000000064e+01
1.019599999999999973e+01
1.029800000000000004e+01
1.039799999999999969e+01
1.050000000000000000e+01
1.060100000000000087e+01
1.070100000000000051e+01
1.080300000000000082e+01
1.090399999999999991e+01
1.100399999999999956e+01
1.110599999999999987e+01
1.120700000000000074e+01
1.130799999999999983e+01
1.140900000000000070e+01
1.150999999999999979e+01
1.161100000000000065e+01
1.171199999999999974e+01
1.181300000000000061e+01
1.191399999999999970e+01
1.201500000000000057e+01
1.211599999999999966e+01
1.221700000000000053e+01
1.231799999999999962e+01
1.241900000000000048e+01
1.251999999999999957e+01
1.262100000000000044e+01
1.272199999999999953e+01
1.282300000000000040e+01
1.292399999999999949e+01
1.302500000000000036e+01
1.312599999999999945e+01
1.322799999999999976e+01
1.332799999999999940e+01
1.342900000000000027e+01
1.353100000000000058e+01
1.363100000000000023e+01
1.373199999999999932e+01
1.383300000000000018e+01
1.393399999999999928e+01
1.403500000000000014e+01
1.413599999999999923e+01
1.423700000000000010e+01
1.433900000000000041e+01
1.443900000000000006e+01
1.453999999999999915e+01
1.464199999999999946e+01
1.474200000000000088e+01
1.484299999999999997e+01
1.494500000000000028e+01
1.504499999999999993e+01
1.514700000000000024e+01
1.524699999999999989e+01
1.534800000000000075e+01
1.544999999999999929e+01
1.555000000000000071e+01
1.565099999999999980e+01
1.575300000000000011e+01
1.585299999999999976e+01
1.595400000000000063e+01
1.605600000000000094e+01
1.615599999999999881e+01
1.625799999999999912e+01
1.635900000000000176e+01
1.645899999999999963e+01
1.656099999999999994e+01
1.666199999999999903e+01
1.676200000000000045e+01
1.686400000000000077e+01
1.696499999999999986e+01
1.706500000000000128e+01
1.716700000000000159e+01
1.726800000000000068e+01
1.736899999999999977e+01
1.746999999999999886e+01
1.757000000000000028e+01
1.767200000000000060e+01
1.777299999999999969e+01
1.787300000000000111e+01
1.797500000000000142e+01
1.807600000000000051e+01
1.817699999999999960e+01
1.827799999999999869e+01
1.837900000000000134e+01
1.848000000000000043e+01
1.858099999999999952e+01
1.868199999999999861e+01
1.878300000000000125e+01
1.888400000000000034e+01
1.898499999999999943e+01
1.908599999999999852e+01
1.918700000000000117e+01
1.928900000000000148e+01
1.938899999999999935e+01
1.948999999999999844e+01
1.959199999999999875e+01
1.969200000000000017e+01
1.979299999999999926e+01
1.989399999999999835e+01
1.999500000000000099e+01
2.009700000000000131e+01
2.019699999999999918e+01
2.029799999999999827e+01
2.039999999999999858e+01
2.050000000000000000e+01
2.060099999999999909e+01
2.070299999999999940e+01
2.080300000000000082e+01
2.090399999999999991e+01
2.100600000000000023e+01
2.110600000000000165e+01
2.120799999999999841e+01
2.130900000000000105e+01
2.140899999999999892e+01
2.151099999999999923e+01
2.161199999999999832e+01
2.171199999999999974e+01
2.181400000000000006e+01
2.191499999999999915e+01
2.201599999999999824e+01
2.211700000000000088e+01
2.221699999999999875e+01
2.231899999999999906e+01
2.242000000000000171e+01
2.251999999999999957e+01
2.262199999999999989e+01
2.272299999999999898e+01
2.282300000000000040e+01
2.292500000000000071e+01
2.302599999999999980e+01
2.312699999999999889e+01
2.322800000000000153e+01
2.332799999999999940e+01
2.342999999999999972e+01
2.353099999999999881e+01
2.363100000000000023e+01
2.373300000000000054e+01
2.383399999999999963e+01
2.393400000000000105e+01
2.403600000000000136e+01
2.413700000000000045e+01
2.423799999999999955e+01
2.433899999999999864e+01
2.444000000000000128e+01
2.454100000000000037e+01
2.464199999999999946e+01
2.474200000000000088e+01
2.484400000000000119e+01
2.494500000000000028e+01
2.504599999999999937e+01
2.514699999999999847e+01
2.524800000000000111e+01
2.534900000000000020e+01
2.544999999999999929e+01
2.555099999999999838e+01
2.565200000000000102e+01
2.575300000000000011e+01
2.585300000000000153e+01
2.595499999999999829e+01
2.605600000000000094e+01
2.615700000000000003e+01
2.625799999999999912e+01
2.635900000000000176e+01
2.646000000000000085e+01
2.656099999999999994e+01
2.666199999999999903e+01
2.676300000000000168e+01
2.686400000000000077e+01
2.696399999999999864e+01
2.706599999999999895e+01
2.716700000000000159e+01
2.726800000000000068e+01
2.736899999999999977e+01
2.746999999999999886e+01
2.757100000000000151e+01
2.767200000000000060e+01
2.777299999999999969e+01
2.787399999999999878e+01
2.797500000000000142e+01
2.807700000000000173e+01
2.817699999999999960e+01
2.827799999999999869e+01
