0.000000000000000000e+00
0.000000000000000000e+00
0.000000000000000000e+00
0.000000000000000000e+00
0.000000000000000000e+00
0.000000000000000000e+00
0.000000000000000000e+00
0.000000000000000000e+00
0.000000000000000000e+00
0.000000000000000000e+00
0.000000000000000000e+00
0.000000000000000000e+00
0.000000000000000000e+00
0.000000000000000000e+00
0.000000000000000000e+00
0.000000000000000000e+00
0.000000000000000000e+00
0.000000000000000000e+00
0.000000000000000000e+00
0.000000000000000000e+00
0.000000000000000000e+00
0.000000000000000000e+00
0.000000000000000000e+00
0.000000000000000000e+00
0.000000000000000000e+00
0.000000000000000000e+00
0.000000000000000000e+00
0.000000000000000000e+00
0.000000000000000000e+00
0.000000000000000000e+00
0.000000000000000000e+00
0.000000000000000000e+00
0.000000000000000000e+00
0.000000000000000000e+00
0.000000000000000000e+00
0.000000000000000000e+00
0.000000000000000000e+00
0.000000000000000000e+00
0.000000000000000000e+00
0.000000000000000000e+00
0.000000000000000000e+00
0.000000000000000000e+00
0.000000000000000000e+00
0.000000000000000000e+00
0.000000000000000000e+00
0.000000000000000000e+00
0.000000000000000000e+00
0.000000000000000000e+00
0.000000000000000000e+00
0.000000000000000000e+00
0.000000000000000000e+00
0.000000000000000000e+00
0.000000000000000000e+00
0.000000000000000000e+00
0.000000000000000000e+00
0.000000000000000000e+00
0.000000000000000000e+00
0.000000000000000000e+00
0.000000000000000000e+00
0.000000000000000000e+00
0.000000000000000000e+00
0.000000000000000000e+00
0.000000000000000000e+00
0.000000000000000000e+00
0.000000000000000000e+00
0.000000000000000000e+00
0.000000000000000000e+00
0.000000000000000000e+00
0.000000000000000000e+00
2.300000000000000100e-01
4.000000000000000222e-01
5.100000000000000089e-01
6.500000000000000222e-01
7.399999999999999911e-01
7.600000000000000089e-01
7.900000000000000355e-01
9.399999999999999467e-01
1.120000000000000107e+00
1.209999999999999964e+00
1.280000000000000027e+00
1.300000000000000044e+00
1.379999999999999893e+00
1.570000000000000062e+00
1.580000000000000071e+00
1.709999999999999964e+00
1.830000000000000071e+00
1.830000000000000071e+00
1.870000000000000107e+00
1.879999999999999893e+00
1.899999999999999911e+00
1.879999999999999893e+00
1.919999999999999929e+00
1.919999999999999929e+00
1.919999999999999929e+00
1.919999999999999929e+00
1.959999999999999964e+00
2.220000000000000195e+00
2.660000000000000142e+00
2.899999999999999911e+00
3.009999999999999787e+00
3.049999999999999822e+00
3.080000000000000071e+00
3.140000000000000124e+00
3.220000000000000195e+00
3.279999999999999805e+00
3.330000000000000071e+00
3.359999999999999876e+00
3.399999999999999911e+00
3.399999999999999911e+00
3.390000000000000124e+00
3.439999999999999947e+00
3.470000000000000195e+00
3.470000000000000195e+00
3.470000000000000195e+00
3.490000000000000213e+00
3.490000000000000213e+00
3.500000000000000000e+00
3.509999999999999787e+00
3.540000000000000036e+00
3.529999999999999805e+00
3.509999999999999787e+00
3.259999999999999787e+00
3.049999999999999822e+00
2.919999999999999929e+00
2.600000000000000089e+00
2.399999999999999911e+00
2.490000000000000213e+00
2.569999999999999840e+00
2.660000000000000142e+00
2.830000000000000071e+00
2.839999999999999858e+00
2.839999999999999858e+00
2.830000000000000071e+00
2.830000000000000071e+00
2.830000000000000071e+00
2.830000000000000071e+00
2.830000000000000071e+00
2.839999999999999858e+00
2.870000000000000107e+00
2.870000000000000107e+00
2.879999999999999893e+00
2.870000000000000107e+00
2.879999999999999893e+00
2.890000000000000124e+00
2.899999999999999911e+00
2.899999999999999911e+00
3.040000000000000036e+00
3.270000000000000018e+00
3.350000000000000089e+00
3.419999999999999929e+00
3.470000000000000195e+00
3.470000000000000195e+00
3.459999999999999964e+00
3.470000000000000195e+00
3.490000000000000213e+00
3.490000000000000213e+00
3.490000000000000213e+00
3.490000000000000213e+00
3.500000000000000000e+00
3.490000000000000213e+00
3.470000000000000195e+00
3.470000000000000195e+00
3.470000000000000195e+00
3.470000000000000195e+00
3.490000000000000213e+00
3.490000000000000213e+00
3.470000000000000195e+00
3.490000000000000213e+00
3.490000000000000213e+00
3.490000000000000213e+00
3.490000000000000213e+00
3.500000000000000000e+00
3.500000000000000000e+00
3.509999999999999787e+00
3.500000000000000000e+00
3.430000000000000160e+00
3.270000000000000018e+00
2.879999999999999893e+00
2.430000000000000160e+00
1.239999999999999991e+00
8.800000000000000044e-01
4.899999999999999911e-01
0.000000000000000000e+00
0.000000000000000000e+00
0.000000000000000000e+00
0.000000000000000000e+00
0.000000000000000000e+00
0.000000000000000000e+00
0.000000000000000000e+00
0.000000000000000000e+00
0.000000000000000000e+00
0.000000000000000000e+00
0.000000000000000000e+00
0.000000000000000000e+00
0.000000000000000000e+00
0.000000000000000000e+00
0.000000000000000000e+00
0.000000000000000000e+00
0.000000000000000000e+00
0.000000000000000000e+00
0.000000000000000000e+00
0.000000000000000000e+00
0.000000000000000000e+00
0.000000000000000000e+00
0.000000000000000000e+00
0.000000000000000000e+00
0.000000000000000000e+00
0.000000000000000000e+00
0.000000000000000000e+00
0.000000000000000000e+00
0.000000000000000000e+00
0.000000000000000000e+00
0.000000000000000000e+00
0.000000000000000000e+00
0.000000000000000000e+00
0.000000000000000000e+00
0.000000000000000000e+00
0.000000000000000000e+00
0.000000000000000000e+00
0.000000000000000000e+00
0.000000000000000000e+00
0.000000000000000000e+00
0.000000000000000000e+00
0.000000000000000000e+00
0.000000000000000000e+00
0.000000000000000000e+00
0.000000000000000000e+00
0.000000000000000000e+00
0.000000000000000000e+00
0.000000000000000000e+00
0.000000000000000000e+00
0.000000000000000000e+00
0.000000000000000000e+00
0.000000000000000000e+00
0.000000000000000000e+00
0.000000000000000000e+00
0.000000000000000000e+00
0.000000000000000000e+00
0.000000000000000000e+00
0.000000000000000000e+00
0.000000000000000000e+00
0.000000000000000000e+00
0.000000000000000000e+00
0.000000000000000000e+00
0.000000000000000000e+00
0.000000000000000000e+00
0.000000000000000000e+00
0.000000000000000000e+00
0.000000000000000000e+00
0.000000000000000000e+00
0.000000000000000000e+00
0.000000000000000000e+00
0.000000000000000000e+00
0.000000000000000000e+00
0.000000000000000000e+00
0.000000000000000000e+00
0.000000000000000000e+00
0.000000000000000000e+00
0.000000000000000000e+00
0.000000000000000000e+00
0.000000000000000000e+00
0.000000000000000000e+00
0.000000000000000000e+00
0.000000000000000000e+00
0.000000000000000000e+00
