0.000000000000000000e+00
0.000000000000000000e+00
0.000000000000000000e+00
0.000000000000000000e+00
0.000000000000000000e+00
0.000000000000000000e+00
0.000000000000000000e+00
0.000000000000000000e+00
0.000000000000000000e+00
0.000000000000000000e+00
0.000000000000000000e+00
0.000000000000000000e+00
0.000000000000000000e+00
0.000000000000000000e+00
0.000000000000000000e+00
0.000000000000000000e+00
0.000000000000000000e+00
0.000000000000000000e+00
0.000000000000000000e+00
0.000000000000000000e+00
0.000000000000000000e+00
0.000000000000000000e+00
0.000000000000000000e+00
0.000000000000000000e+00
0.000000000000000000e+00
0.000000000000000000e+00
0.000000000000000000e+00
0.000000000000000000e+00
0.000000000000000000e+00
0.000000000000000000e+00
0.000000000000000000e+00
0.000000000000000000e+00
0.000000000000000000e+00
0.000000000000000000e+00
0.000000000000000000e+00
0.000000000000000000e+00
0.000000000000000000e+00
0.000000000000000000e+00
0.000000000000000000e+00
0.000000000000000000e+00
0.000000000000000000e+00
0.000000000000000000e+00
0.000000000000000000e+00
0.000000000000000000e+00
0.000000000000000000e+00
0.000000000000000000e+00
0.000000000000000000e+00
0.000000000000000000e+00
0.000000000000000000e+00
0.000000000000000000e+00
0.000000000000000000e+00
0.000000000000000000e+00
0.000000000000000000e+00
0.000000000000000000e+00
0.000000000000000000e+00
0.000000000000000000e+00
0.000000000000000000e+00
0.000000000000000000e+00
0.000000000000000000e+00
0.000000000000000000e+00
0.000000000000000000e+00
0.000000000000000000e+00
0.000000000000000000e+00
0.000000000000000000e+00
0.000000000000000000e+00
0.000000000000000000e+00
0.000000000000000000e+00
0.000000000000000000e+00
0.000000000000000000e+00
0.000000000000000000e+00
0.000000000000000000e+00
0.000000000000000000e+00
0.000000000000000000e+00
0.000000000000000000e+00
0.000000000000000000e+00
0.000000000000000000e+00
0.000000000000000000e+00
0.000000000000000000e+00
0.000000000000000000e+00
0.000000000000000000e+00
0.000000000000000000e+00
0.000000000000000000e+00
0.000000000000000000e+00
0.000000000000000000e+00
0.000000000000000000e+00
0.000000000000000000e+00
0.000000000000000000e+00
0.000000000000000000e+00
0.000000000000000000e+00
0.000000000000000000e+00
0.000000000000000000e+00
4.600000000000000200e-01
9.799999999999999822e-01
1.229999999999999982e+00
1.370000000000000107e+00
1.409999999999999920e+00
1.419999999999999929e+00
1.520000000000000018e+00
1.610000000000000098e+00
1.649999999999999911e+00
1.669999999999999929e+00
1.669999999999999929e+00
1.709999999999999964e+00
1.729999999999999982e+00
1.709999999999999964e+00
1.659999999999999920e+00
1.620000000000000107e+00
1.550000000000000044e+00
1.540000000000000036e+00
1.560000000000000053e+00
1.610000000000000098e+00
1.669999999999999929e+00
1.729999999999999982e+00
1.780000000000000027e+00
1.830000000000000071e+00
1.850000000000000089e+00
1.820000000000000062e+00
1.810000000000000053e+00
1.850000000000000089e+00
1.919999999999999929e+00
1.949999999999999956e+00
1.889999999999999902e+00
1.830000000000000071e+00
1.800000000000000044e+00
1.729999999999999982e+00
1.560000000000000053e+00
1.399999999999999911e+00
1.060000000000000053e+00
0.000000000000000000e+00
0.000000000000000000e+00
0.000000000000000000e+00
0.000000000000000000e+00
0.000000000000000000e+00
0.000000000000000000e+00
0.000000000000000000e+00
0.000000000000000000e+00
0.000000000000000000e+00
0.000000000000000000e+00
0.000000000000000000e+00
0.000000000000000000e+00
0.000000000000000000e+00
0.000000000000000000e+00
7.000000000000000666e-02
1.600000000000000033e-01
3.599999999999999867e-01
5.500000000000000444e-01
6.400000000000000133e-01
6.999999999999999556e-01
7.900000000000000355e-01
8.599999999999999867e-01
9.300000000000000488e-01
9.799999999999999822e-01
1.020000000000000018e+00
1.060000000000000053e+00
1.139999999999999902e+00
1.179999999999999938e+00
1.189999999999999947e+00
1.229999999999999982e+00
1.250000000000000000e+00
1.250000000000000000e+00
1.270000000000000018e+00
1.280000000000000027e+00
1.290000000000000036e+00
1.290000000000000036e+00
8.100000000000000533e-01
0.000000000000000000e+00
0.000000000000000000e+00
0.000000000000000000e+00
0.000000000000000000e+00
0.000000000000000000e+00
0.000000000000000000e+00
0.000000000000000000e+00
0.000000000000000000e+00
0.000000000000000000e+00
0.000000000000000000e+00
0.000000000000000000e+00
0.000000000000000000e+00
0.000000000000000000e+00
0.000000000000000000e+00
0.000000000000000000e+00
0.000000000000000000e+00
0.000000000000000000e+00
0.000000000000000000e+00
0.000000000000000000e+00
0.000000000000000000e+00
0.000000000000000000e+00
1.000000000000000056e-01
4.899999999999999911e-01
7.900000000000000355e-01
1.000000000000000000e+00
1.110000000000000098e+00
1.229999999999999982e+00
1.310000000000000053e+00
1.429999999999999938e+00
1.530000000000000027e+00
1.610000000000000098e+00
1.669999999999999929e+00
1.760000000000000009e+00
1.810000000000000053e+00
1.830000000000000071e+00
1.860000000000000098e+00
1.889999999999999902e+00
1.939999999999999947e+00
1.959999999999999964e+00
1.979999999999999982e+00
1.989999999999999991e+00
2.020000000000000018e+00
2.049999999999999822e+00
2.069999999999999840e+00
2.080000000000000071e+00
2.100000000000000089e+00
2.060000000000000053e+00
2.069999999999999840e+00
2.120000000000000107e+00
0.000000000000000000e+00
0.000000000000000000e+00
0.000000000000000000e+00
0.000000000000000000e+00
0.000000000000000000e+00
0.000000000000000000e+00
0.000000000000000000e+00
0.000000000000000000e+00
0.000000000000000000e+00
0.000000000000000000e+00
0.000000000000000000e+00
0.000000000000000000e+00
0.000000000000000000e+00
0.000000000000000000e+00
0.000000000000000000e+00
0.000000000000000000e+00
0.000000000000000000e+00
0.000000000000000000e+00
0.000000000000000000e+00
0.000000000000000000e+00
0.000000000000000000e+00
0.000000000000000000e+00
0.000000000000000000e+00
0.000000000000000000e+00
0.000000000000000000e+00
0.000000000000000000e+00
0.000000000000000000e+00
0.000000000000000000e+00
0.000000000000000000e+00
0.000000000000000000e+00
0.000000000000000000e+00
0.000000000000000000e+00
0.000000000000000000e+00
0.000000000000000000e+00
0.000000000000000000e+00
0.000000000000000000e+00
0.000000000000000000e+00
0.000000000000000000e+00
0.000000000000000000e+00
0.000000000000000000e+00
0.000000000000000000e+00
0.000000000000000000e+00
0.000000000000000000e+00
0.000000000000000000e+00
0.000000000000000000e+00
0.000000000000000000e+00
0.000000000000000000e+00
0.000000000000000000e+00
0.000000000000000000e+00
0.000000000000000000e+00
0.000000000000000000e+00
0.000000000000000000e+00
0.000000000000000000e+00
0.000000000000000000e+00
0.000000000000000000e+00
0.000000000000000000e+00
0.000000000000000000e+00
0.000000000000000000e+00
0.000000000000000000e+00
0.000000000000000000e+00
0.000000000000000000e+00
0.000000000000000000e+00
0.000000000000000000e+00
