0.000000000000000000e+00
0.000000000000000000e+00
1.401279999999999859e+02
1.402280000000000086e+02
1.403290000000000077e+02
1.404310000000000116e+02
0.000000000000000000e+00
1.000000000000000056e-01
2.010000000000000120e-01
3.019999999999999907e-01
4.030000000000000249e-01
5.030000000000000027e-01
6.049999999999999822e-01
7.049999999999999600e-01
8.060000000000000497e-01
9.080000000000000293e-01
1.008000000000000007e+00
1.110000000000000098e+00
1.209999999999999964e+00
1.310999999999999943e+00
1.413000000000000034e+00
1.512999999999999901e+00
1.614000000000000101e+00
1.715000000000000080e+00
1.816000000000000059e+00
1.915999999999999925e+00
2.017999999999999794e+00
2.119000000000000217e+00
2.220000000000000195e+00
2.321000000000000174e+00
2.420999999999999819e+00
2.523000000000000131e+00
2.624000000000000110e+00
2.724000000000000199e+00
2.826000000000000068e+00
2.926000000000000156e+00
3.027000000000000135e+00
3.129000000000000004e+00
3.229000000000000092e+00
3.330999999999999961e+00
3.431000000000000050e+00
3.532000000000000028e+00
3.633999999999999897e+00
3.733999999999999986e+00
3.834999999999999964e+00
3.935999999999999943e+00
4.036999999999999922e+00
4.139000000000000234e+00
4.238999999999999879e+00
4.339999999999999858e+00
4.440999999999999837e+00
4.541999999999999815e+00
4.642999999999999794e+00
4.743999999999999773e+00
4.844999999999999751e+00
4.945000000000000284e+00
5.046999999999999709e+00
5.147999999999999687e+00
5.248999999999999666e+00
5.349999999999999645e+00
5.450000000000000178e+00
5.551999999999999602e+00
5.652999999999999581e+00
5.753000000000000114e+00
5.855000000000000426e+00
5.955000000000000071e+00
6.056000000000000050e+00
6.158000000000000362e+00
6.258000000000000007e+00
6.360000000000000320e+00
6.459999999999999964e+00
6.560999999999999943e+00
6.663000000000000256e+00
6.762999999999999901e+00
6.863999999999999879e+00
6.964999999999999858e+00
7.065999999999999837e+00
7.168000000000000149e+00
7.267999999999999794e+00
7.368999999999999773e+00
7.469999999999999751e+00
7.570999999999999730e+00
7.671999999999999709e+00
7.772999999999999687e+00
7.873999999999999666e+00
7.974000000000000199e+00
8.076000000000000512e+00
8.176999999999999602e+00
8.278000000000000469e+00
8.378999999999999559e+00
8.478999999999999204e+00
8.580999999999999517e+00
8.682000000000000384e+00
8.782000000000000028e+00
8.884000000000000341e+00
8.984999999999999432e+00
9.085000000000000853e+00
9.186999999999999389e+00
9.287000000000000810e+00
9.388999999999999346e+00
9.490000000000000213e+00
9.589999999999999858e+00
9.692000000000000171e+00
9.791999999999999815e+00
9.893000000000000682e+00
9.994999999999999218e+00
1.009500000000000064e+01
1.019599999999999973e+01
1.029800000000000004e+01
1.039799999999999969e+01
1.050000000000000000e+01
1.059999999999999964e+01
1.070100000000000051e+01
1.080300000000000082e+01
1.090300000000000047e+01
1.100399999999999956e+01
1.110599999999999987e+01
1.120599999999999952e+01
1.130799999999999983e+01
1.140900000000000070e+01
1.150900000000000034e+01
1.161100000000000065e+01
1.171199999999999974e+01
1.181199999999999939e+01
1.191399999999999970e+01
1.201500000000000057e+01
1.211500000000000021e+01
1.221700000000000053e+01
1.231799999999999962e+01
1.241900000000000048e+01
1.251999999999999957e+01
1.261999999999999922e+01
1.272199999999999953e+01
1.282300000000000040e+01
1.292300000000000004e+01
1.302500000000000036e+01
1.312599999999999945e+01
1.322700000000000031e+01
1.332799999999999940e+01
1.342900000000000027e+01
1.352999999999999936e+01
1.363100000000000023e+01
1.373199999999999932e+01
1.383300000000000018e+01
1.393399999999999928e+01
1.403500000000000014e+01
1.413599999999999923e+01
1.423700000000000010e+01
1.433900000000000041e+01
1.443900000000000006e+01
1.453999999999999915e+01
1.464199999999999946e+01
1.474200000000000088e+01
1.484299999999999997e+01
1.494500000000000028e+01
1.504499999999999993e+01
1.514700000000000024e+01
1.524799999999999933e+01
1.534800000000000075e+01
1.544999999999999929e+01
1.555000000000000071e+01
1.565099999999999980e+01
1.575300000000000011e+01
1.585299999999999976e+01
1.595400000000000063e+01
1.605600000000000094e+01
1.615599999999999881e+01
1.625799999999999912e+01
1.635900000000000176e+01
1.645899999999999963e+01
1.656099999999999994e+01
1.666199999999999903e+01
1.676200000000000045e+01
1.686400000000000077e+01
1.696499999999999986e+01
1.706500000000000128e+01
1.716700000000000159e+01
1.726800000000000068e+01
1.736899999999999977e+01
1.746999999999999886e+01
1.757100000000000151e+01
1.767200000000000060e+01
1.777299999999999969e+01
1.787399999999999878e+01
1.797500000000000142e+01
1.807600000000000051e+01
1.817800000000000082e+01
1.827799999999999869e+01
1.837900000000000134e+01
1.848100000000000165e+01
1.858099999999999952e+01
1.868199999999999861e+01
1.878300000000000125e+01
1.888400000000000034e+01
1.898499999999999943e+01
1.908599999999999852e+01
1.918700000000000117e+01
1.928900000000000148e+01
1.938899999999999935e+01
1.948999999999999844e+01
1.959199999999999875e+01
1.969200000000000017e+01
1.979299999999999926e+01
1.989499999999999957e+01
1.999500000000000099e+01
2.009700000000000131e+01
2.019800000000000040e+01
2.029799999999999827e+01
2.039999999999999858e+01
2.050100000000000122e+01
2.060099999999999909e+01
2.070299999999999940e+01
2.080399999999999849e+01
2.090399999999999991e+01
2.100600000000000023e+01
2.110699999999999932e+01
2.120799999999999841e+01
2.130900000000000105e+01
2.141000000000000014e+01
2.151099999999999923e+01
2.161199999999999832e+01
2.171300000000000097e+01
2.181400000000000006e+01
2.191499999999999915e+01
2.201599999999999824e+01
2.211700000000000088e+01
2.221799999999999997e+01
2.231899999999999906e+01
2.242000000000000171e+01
2.252100000000000080e+01
2.262199999999999989e+01
2.272299999999999898e+01
2.282400000000000162e+01
2.292500000000000071e+01
2.302599999999999980e+01
2.312800000000000011e+01
2.322800000000000153e+01
2.332900000000000063e+01
2.343100000000000094e+01
2.353099999999999881e+01
2.363200000000000145e+01
2.373400000000000176e+01
2.383399999999999963e+01
2.393599999999999994e+01
2.403699999999999903e+01
2.413700000000000045e+01
2.423900000000000077e+01
2.433999999999999986e+01
2.444000000000000128e+01
2.454200000000000159e+01
2.464300000000000068e+01
2.474299999999999855e+01
2.484499999999999886e+01
2.494600000000000151e+01
2.504700000000000060e+01
2.514799999999999969e+01
2.524899999999999878e+01
2.535000000000000142e+01
2.545100000000000051e+01
2.555099999999999838e+01
2.565299999999999869e+01
2.575400000000000134e+01
2.585399999999999920e+01
2.595599999999999952e+01
2.605699999999999861e+01
2.615800000000000125e+01
2.625900000000000034e+01
2.635999999999999943e+01
2.646099999999999852e+01
2.656200000000000117e+01
2.666300000000000026e+01
2.676399999999999935e+01
2.686499999999999844e+01
2.696699999999999875e+01
2.706700000000000017e+01
2.716799999999999926e+01
2.726999999999999957e+01
2.737000000000000099e+01
2.747100000000000009e+01
2.757300000000000040e+01
2.767299999999999827e+01
2.777400000000000091e+01
2.787600000000000122e+01
2.797599999999999909e+01
2.807799999999999940e+01
2.817899999999999849e+01
2.827899999999999991e+01
2.838100000000000023e+01
2.848199999999999932e+01
2.858200000000000074e+01
2.868400000000000105e+01
2.878399999999999892e+01
2.888599999999999923e+01
2.898699999999999832e+01
2.908699999999999974e+01
2.918900000000000006e+01
2.928999999999999915e+01
2.939000000000000057e+01
2.949200000000000088e+01
2.959299999999999997e+01
2.969300000000000139e+01
2.979500000000000171e+01
2.989600000000000080e+01
2.999699999999999989e+01
3.009799999999999898e+01
3.019900000000000162e+01
3.030000000000000071e+01
3.040099999999999980e+01
3.050199999999999889e+01
3.060300000000000153e+01
3.070400000000000063e+01
3.080600000000000094e+01
3.090599999999999881e+01
3.100700000000000145e+01
3.110900000000000176e+01
3.120899999999999963e+01
3.130999999999999872e+01
3.141199999999999903e+01
3.151200000000000045e+01
3.161299999999999955e+01
3.171499999999999986e+01
3.181500000000000128e+01
3.191700000000000159e+01
3.201700000000000301e+01
3.211800000000000210e+01
3.221999999999999886e+01
3.232000000000000028e+01
3.242099999999999937e+01
3.252300000000000324e+01
3.262299999999999756e+01
3.272399999999999665e+01
3.282600000000000051e+01
3.292600000000000193e+01
3.302799999999999869e+01
3.312899999999999778e+01
3.322899999999999920e+01
3.333100000000000307e+01
3.343200000000000216e+01
3.353199999999999648e+01
3.363400000000000034e+01
3.373499999999999943e+01
3.383599999999999852e+01
3.393699999999999761e+01
3.403799999999999670e+01
3.413900000000000290e+01
3.424000000000000199e+01
3.434100000000000108e+01
3.444200000000000017e+01
3.454299999999999926e+01
3.464300000000000068e+01
3.474499999999999744e+01
3.484599999999999653e+01
3.494700000000000273e+01
3.504800000000000182e+01
3.514900000000000091e+01
3.525000000000000000e+01
3.535099999999999909e+01
3.545199999999999818e+01
3.555299999999999727e+01
3.565400000000000347e+01
3.575600000000000023e+01
3.585600000000000165e+01
3.595700000000000074e+01
3.605899999999999750e+01
3.615899999999999892e+01
3.625999999999999801e+01
3.636200000000000188e+01
3.646200000000000330e+01
3.656300000000000239e+01
3.666499999999999915e+01
3.676500000000000057e+01
3.686699999999999733e+01
3.696800000000000352e+01
3.706799999999999784e+01
3.717000000000000171e+01
3.727100000000000080e+01
3.737100000000000222e+01
3.747299999999999898e+01
3.757399999999999807e+01
3.767499999999999716e+01
3.777600000000000335e+01
3.787700000000000244e+01
3.797800000000000153e+01
3.807900000000000063e+01
3.817999999999999972e+01
3.828099999999999881e+01
3.838199999999999790e+01
3.848299999999999699e+01
3.858400000000000318e+01
3.868500000000000227e+01
3.878600000000000136e+01
3.888700000000000045e+01
3.898799999999999955e+01
3.908899999999999864e+01
3.918999999999999773e+01
3.929099999999999682e+01
3.939200000000000301e+01
3.949300000000000210e+01
3.959499999999999886e+01
3.969500000000000028e+01
3.979599999999999937e+01
3.989800000000000324e+01
3.999799999999999756e+01
4.009899999999999665e+01
4.020100000000000051e+01
4.030100000000000193e+01
4.040200000000000102e+01
4.050399999999999778e+01
4.060399999999999920e+01
4.070600000000000307e+01
4.080700000000000216e+01
4.090699999999999648e+01
4.100900000000000034e+01
4.110999999999999943e+01
4.121000000000000085e+01
4.131199999999999761e+01
4.141299999999999670e+01
4.151299999999999812e+01
4.161500000000000199e+01
4.171500000000000341e+01
4.181700000000000017e+01
4.191799999999999926e+01
4.201800000000000068e+01
4.211999999999999744e+01
4.222099999999999653e+01
4.232099999999999795e+01
4.242300000000000182e+01
4.252400000000000091e+01
4.262500000000000000e+01
4.272599999999999909e+01
4.282699999999999818e+01
4.292799999999999727e+01
4.302900000000000347e+01
4.313000000000000256e+01
4.323100000000000165e+01
4.333200000000000074e+01
4.343299999999999983e+01
4.353399999999999892e+01
4.363499999999999801e+01
4.373700000000000188e+01
4.383700000000000330e+01
4.393800000000000239e+01
4.403999999999999915e+01
4.414000000000000057e+01
4.424099999999999966e+01
4.434300000000000352e+01
4.444299999999999784e+01
4.454500000000000171e+01
4.464500000000000313e+01
4.474600000000000222e+01
4.484799999999999898e+01
4.494800000000000040e+01
4.504899999999999949e+01
4.515100000000000335e+01
4.525099999999999767e+01
4.535199999999999676e+01
4.545400000000000063e+01
4.555400000000000205e+01
4.565599999999999881e+01
4.575699999999999790e+01
4.585699999999999932e+01
4.595900000000000318e+01
4.606000000000000227e+01
4.615999999999999659e+01
4.626200000000000045e+01
4.636299999999999955e+01
4.646399999999999864e+01
4.656499999999999773e+01
4.666599999999999682e+01
4.676700000000000301e+01
4.686800000000000210e+01
4.696900000000000119e+01
4.707000000000000028e+01
4.717099999999999937e+01
4.727199999999999847e+01
4.737299999999999756e+01
4.747399999999999665e+01
4.757600000000000051e+01
4.767600000000000193e+01
4.777700000000000102e+01
4.787899999999999778e+01
4.797899999999999920e+01
4.807999999999999829e+01
4.818200000000000216e+01
4.828199999999999648e+01
4.838400000000000034e+01
4.848400000000000176e+01
4.858500000000000085e+01
4.868699999999999761e+01
4.878699999999999903e+01
4.888799999999999812e+01
4.899000000000000199e+01
4.909000000000000341e+01
4.919100000000000250e+01
4.929299999999999926e+01
4.939300000000000068e+01
4.949499999999999744e+01
4.959599999999999653e+01
4.969599999999999795e+01
4.979800000000000182e+01
4.989900000000000091e+01
4.999900000000000233e+01
5.010099999999999909e+01
5.020199999999999818e+01
5.030199999999999960e+01
5.040400000000000347e+01
5.050500000000000256e+01
5.060600000000000165e+01
5.070700000000000074e+01
5.080799999999999983e+01
5.090899999999999892e+01
5.100999999999999801e+01
5.111099999999999710e+01
5.121200000000000330e+01
5.131300000000000239e+01
5.141400000000000148e+01
5.151500000000000057e+01
5.161599999999999966e+01
5.171699999999999875e+01
5.181799999999999784e+01
5.191899999999999693e+01
5.202000000000000313e+01
5.212100000000000222e+01
5.222200000000000131e+01
5.232300000000000040e+01
5.242399999999999949e+01
5.252499999999999858e+01
5.262599999999999767e+01
5.272699999999999676e+01
5.282800000000000296e+01
5.292900000000000205e+01
5.303000000000000114e+01
5.313100000000000023e+01
5.323199999999999932e+01
5.333400000000000318e+01
5.343399999999999750e+01
5.353499999999999659e+01
5.363700000000000045e+01
5.373700000000000188e+01
5.383800000000000097e+01
5.393900000000000006e+01
5.403999999999999915e+01
5.414099999999999824e+01
5.424199999999999733e+01
5.434300000000000352e+01
5.444500000000000028e+01
5.454500000000000171e+01
5.464600000000000080e+01
5.474799999999999756e+01
5.484799999999999898e+01
5.494899999999999807e+01
5.504999999999999716e+01
5.515100000000000335e+01
5.525200000000000244e+01
5.535300000000000153e+01
5.545400000000000063e+01
5.555599999999999739e+01
5.565599999999999881e+01
5.575699999999999790e+01
5.585900000000000176e+01
5.595900000000000318e+01
5.606000000000000227e+01
5.616199999999999903e+01
5.626200000000000045e+01
5.636399999999999721e+01
5.646399999999999864e+01
5.656499999999999773e+01
