0.000000000000000000e+00
0.000000000000000000e+00
0.000000000000000000e+00
0.000000000000000000e+00
0.000000000000000000e+00
0.000000000000000000e+00
0.000000000000000000e+00
0.000000000000000000e+00
0.000000000000000000e+00
0.000000000000000000e+00
0.000000000000000000e+00
0.000000000000000000e+00
0.000000000000000000e+00
0.000000000000000000e+00
0.000000000000000000e+00
0.000000000000000000e+00
0.000000000000000000e+00
0.000000000000000000e+00
0.000000000000000000e+00
0.000000000000000000e+00
0.000000000000000000e+00
0.000000000000000000e+00
0.000000000000000000e+00
0.000000000000000000e+00
0.000000000000000000e+00
0.000000000000000000e+00
0.000000000000000000e+00
0.000000000000000000e+00
0.000000000000000000e+00
0.000000000000000000e+00
0.000000000000000000e+00
0.000000000000000000e+00
0.000000000000000000e+00
0.000000000000000000e+00
0.000000000000000000e+00
0.000000000000000000e+00
0.000000000000000000e+00
0.000000000000000000e+00
0.000000000000000000e+00
0.000000000000000000e+00
0.000000000000000000e+00
0.000000000000000000e+00
0.000000000000000000e+00
0.000000000000000000e+00
0.000000000000000000e+00
0.000000000000000000e+00
0.000000000000000000e+00
0.000000000000000000e+00
0.000000000000000000e+00
0.000000000000000000e+00
0.000000000000000000e+00
0.000000000000000000e+00
0.000000000000000000e+00
0.000000000000000000e+00
0.000000000000000000e+00
0.000000000000000000e+00
0.000000000000000000e+00
0.000000000000000000e+00
0.000000000000000000e+00
0.000000000000000000e+00
0.000000000000000000e+00
0.000000000000000000e+00
0.000000000000000000e+00
0.000000000000000000e+00
0.000000000000000000e+00
0.000000000000000000e+00
0.000000000000000000e+00
0.000000000000000000e+00
0.000000000000000000e+00
0.000000000000000000e+00
0.000000000000000000e+00
0.000000000000000000e+00
0.000000000000000000e+00
0.000000000000000000e+00
0.000000000000000000e+00
0.000000000000000000e+00
0.000000000000000000e+00
0.000000000000000000e+00
0.000000000000000000e+00
0.000000000000000000e+00
0.000000000000000000e+00
0.000000000000000000e+00
9.799999999999999822e-01
1.320000000000000062e+00
1.739999999999999991e+00
1.899999999999999911e+00
1.959999999999999964e+00
1.909999999999999920e+00
1.989999999999999991e+00
1.979999999999999982e+00
1.800000000000000044e+00
1.790000000000000036e+00
1.780000000000000027e+00
1.879999999999999893e+00
1.949999999999999956e+00
2.009999999999999787e+00
1.959999999999999964e+00
1.979999999999999982e+00
1.989999999999999991e+00
2.009999999999999787e+00
1.989999999999999991e+00
1.979999999999999982e+00
1.989999999999999991e+00
2.020000000000000018e+00
2.080000000000000071e+00
2.029999999999999805e+00
2.040000000000000036e+00
2.040000000000000036e+00
1.979999999999999982e+00
1.909999999999999920e+00
1.879999999999999893e+00
1.800000000000000044e+00
1.770000000000000018e+00
1.739999999999999991e+00
1.729999999999999982e+00
1.739999999999999991e+00
1.800000000000000044e+00
1.840000000000000080e+00
1.959999999999999964e+00
2.020000000000000018e+00
2.000000000000000000e+00
2.009999999999999787e+00
2.029999999999999805e+00
2.040000000000000036e+00
2.060000000000000053e+00
2.069999999999999840e+00
2.080000000000000071e+00
2.100000000000000089e+00
2.189999999999999947e+00
2.209999999999999964e+00
2.229999999999999982e+00
2.259999999999999787e+00
2.259999999999999787e+00
2.259999999999999787e+00
2.220000000000000195e+00
2.259999999999999787e+00
2.299999999999999822e+00
2.370000000000000107e+00
2.399999999999999911e+00
2.439999999999999947e+00
2.459999999999999964e+00
2.459999999999999964e+00
2.500000000000000000e+00
2.540000000000000036e+00
2.549999999999999822e+00
2.540000000000000036e+00
2.560000000000000053e+00
2.560000000000000053e+00
2.740000000000000213e+00
3.319999999999999840e+00
3.290000000000000036e+00
3.149999999999999911e+00
3.359999999999999876e+00
3.500000000000000000e+00
3.490000000000000213e+00
3.490000000000000213e+00
3.509999999999999787e+00
3.509999999999999787e+00
3.529999999999999805e+00
3.569999999999999840e+00
3.580000000000000071e+00
3.580000000000000071e+00
3.580000000000000071e+00
3.609999999999999876e+00
3.660000000000000142e+00
3.700000000000000178e+00
3.729999999999999982e+00
3.709999999999999964e+00
3.729999999999999982e+00
3.700000000000000178e+00
3.700000000000000178e+00
3.660000000000000142e+00
3.640000000000000124e+00
3.609999999999999876e+00
3.569999999999999840e+00
3.580000000000000071e+00
3.629999999999999893e+00
3.660000000000000142e+00
3.629999999999999893e+00
3.669999999999999929e+00
3.700000000000000178e+00
3.680000000000000160e+00
3.700000000000000178e+00
3.729999999999999982e+00
3.740000000000000213e+00
3.759999999999999787e+00
3.740000000000000213e+00
3.759999999999999787e+00
3.770000000000000018e+00
3.770000000000000018e+00
3.770000000000000018e+00
3.770000000000000018e+00
3.759999999999999787e+00
3.770000000000000018e+00
3.770000000000000018e+00
3.740000000000000213e+00
3.709999999999999964e+00
3.709999999999999964e+00
3.729999999999999982e+00
3.729999999999999982e+00
3.729999999999999982e+00
3.379999999999999893e+00
2.959999999999999964e+00
2.250000000000000000e+00
2.049999999999999822e+00
2.080000000000000071e+00
2.109999999999999876e+00
2.149999999999999911e+00
2.229999999999999982e+00
2.259999999999999787e+00
2.279999999999999805e+00
2.279999999999999805e+00
2.379999999999999893e+00
2.410000000000000142e+00
2.419999999999999929e+00
2.419999999999999929e+00
2.500000000000000000e+00
2.540000000000000036e+00
2.569999999999999840e+00
2.540000000000000036e+00
2.560000000000000053e+00
2.549999999999999822e+00
2.500000000000000000e+00
2.529999999999999805e+00
2.549999999999999822e+00
2.560000000000000053e+00
2.569999999999999840e+00
2.580000000000000071e+00
2.609999999999999876e+00
2.629999999999999893e+00
2.580000000000000071e+00
2.649999999999999911e+00
2.589999999999999858e+00
2.589999999999999858e+00
2.609999999999999876e+00
2.589999999999999858e+00
2.580000000000000071e+00
2.589999999999999858e+00
2.529999999999999805e+00
2.500000000000000000e+00
2.330000000000000071e+00
2.080000000000000071e+00
4.199999999999999845e-01
0.000000000000000000e+00
0.000000000000000000e+00
0.000000000000000000e+00
0.000000000000000000e+00
0.000000000000000000e+00
0.000000000000000000e+00
0.000000000000000000e+00
0.000000000000000000e+00
0.000000000000000000e+00
0.000000000000000000e+00
0.000000000000000000e+00
0.000000000000000000e+00
0.000000000000000000e+00
0.000000000000000000e+00
0.000000000000000000e+00
0.000000000000000000e+00
0.000000000000000000e+00
0.000000000000000000e+00
0.000000000000000000e+00
0.000000000000000000e+00
0.000000000000000000e+00
0.000000000000000000e+00
0.000000000000000000e+00
0.000000000000000000e+00
6.500000000000000222e-01
1.209999999999999964e+00
1.479999999999999982e+00
1.820000000000000062e+00
1.979999999999999982e+00
2.009999999999999787e+00
2.069999999999999840e+00
2.129999999999999893e+00
2.169999999999999929e+00
2.229999999999999982e+00
2.290000000000000036e+00
2.310000000000000053e+00
2.299999999999999822e+00
2.359999999999999876e+00
2.390000000000000124e+00
2.379999999999999893e+00
2.419999999999999929e+00
2.430000000000000160e+00
2.450000000000000178e+00
2.459999999999999964e+00
2.490000000000000213e+00
2.500000000000000000e+00
2.540000000000000036e+00
2.520000000000000018e+00
2.500000000000000000e+00
2.500000000000000000e+00
2.500000000000000000e+00
2.439999999999999947e+00
2.410000000000000142e+00
2.379999999999999893e+00
2.359999999999999876e+00
2.390000000000000124e+00
2.370000000000000107e+00
2.379999999999999893e+00
2.379999999999999893e+00
2.430000000000000160e+00
2.479999999999999982e+00
2.500000000000000000e+00
2.540000000000000036e+00
2.629999999999999893e+00
2.669999999999999929e+00
2.689999999999999947e+00
2.720000000000000195e+00
2.740000000000000213e+00
2.750000000000000000e+00
2.729999999999999982e+00
2.750000000000000000e+00
2.750000000000000000e+00
2.750000000000000000e+00
2.750000000000000000e+00
2.720000000000000195e+00
2.740000000000000213e+00
2.740000000000000213e+00
2.740000000000000213e+00
2.750000000000000000e+00
2.729999999999999982e+00
2.689999999999999947e+00
2.680000000000000160e+00
2.660000000000000142e+00
2.629999999999999893e+00
2.649999999999999911e+00
2.649999999999999911e+00
2.649999999999999911e+00
2.649999999999999911e+00
2.680000000000000160e+00
2.700000000000000178e+00
2.740000000000000213e+00
2.750000000000000000e+00
2.770000000000000018e+00
2.770000000000000018e+00
2.810000000000000053e+00
2.810000000000000053e+00
2.830000000000000071e+00
2.859999999999999876e+00
2.919999999999999929e+00
2.979999999999999982e+00
3.009999999999999787e+00
3.040000000000000036e+00
3.040000000000000036e+00
3.049999999999999822e+00
3.080000000000000071e+00
3.109999999999999876e+00
3.140000000000000124e+00
3.149999999999999911e+00
3.140000000000000124e+00
3.160000000000000142e+00
3.180000000000000160e+00
3.180000000000000160e+00
3.160000000000000142e+00
3.149999999999999911e+00
3.149999999999999911e+00
3.350000000000000089e+00
3.490000000000000213e+00
3.580000000000000071e+00
3.609999999999999876e+00
3.660000000000000142e+00
3.700000000000000178e+00
3.729999999999999982e+00
3.759999999999999787e+00
3.790000000000000036e+00
3.819999999999999840e+00
3.830000000000000071e+00
3.879999999999999893e+00
3.939999999999999947e+00
3.970000000000000195e+00
4.000000000000000000e+00
4.030000000000000249e+00
4.049999999999999822e+00
4.070000000000000284e+00
4.099999999999999645e+00
4.099999999999999645e+00
4.129999999999999893e+00
4.150000000000000355e+00
4.160000000000000142e+00
4.179999999999999716e+00
4.200000000000000178e+00
4.200000000000000178e+00
4.209999999999999964e+00
4.230000000000000426e+00
4.250000000000000000e+00
4.250000000000000000e+00
4.250000000000000000e+00
4.250000000000000000e+00
4.250000000000000000e+00
4.259999999999999787e+00
4.259999999999999787e+00
4.250000000000000000e+00
4.259999999999999787e+00
4.250000000000000000e+00
4.230000000000000426e+00
4.230000000000000426e+00
4.209999999999999964e+00
4.209999999999999964e+00
4.230000000000000426e+00
4.209999999999999964e+00
4.200000000000000178e+00
4.179999999999999716e+00
4.179999999999999716e+00
4.160000000000000142e+00
4.179999999999999716e+00
4.160000000000000142e+00
4.179999999999999716e+00
4.179999999999999716e+00
4.179999999999999716e+00
4.179999999999999716e+00
4.200000000000000178e+00
4.200000000000000178e+00
4.200000000000000178e+00
4.200000000000000178e+00
4.209999999999999964e+00
4.200000000000000178e+00
4.179999999999999716e+00
4.179999999999999716e+00
4.200000000000000178e+00
4.200000000000000178e+00
4.200000000000000178e+00
4.200000000000000178e+00
4.110000000000000320e+00
4.099999999999999645e+00
4.110000000000000320e+00
4.110000000000000320e+00
4.099999999999999645e+00
4.099999999999999645e+00
4.099999999999999645e+00
3.970000000000000195e+00
3.240000000000000213e+00
3.060000000000000053e+00
3.089999999999999858e+00
3.089999999999999858e+00
3.140000000000000124e+00
3.149999999999999911e+00
3.160000000000000142e+00
3.160000000000000142e+00
3.189999999999999947e+00
3.229999999999999982e+00
3.229999999999999982e+00
3.259999999999999787e+00
3.270000000000000018e+00
3.259999999999999787e+00
3.200000000000000178e+00
3.129999999999999893e+00
3.080000000000000071e+00
2.950000000000000178e+00
2.870000000000000107e+00
2.839999999999999858e+00
2.819999999999999840e+00
2.770000000000000018e+00
2.359999999999999876e+00
2.229999999999999982e+00
2.149999999999999911e+00
2.160000000000000142e+00
2.109999999999999876e+00
2.120000000000000107e+00
2.169999999999999929e+00
2.169999999999999929e+00
2.209999999999999964e+00
2.220000000000000195e+00
2.229999999999999982e+00
2.310000000000000053e+00
2.379999999999999893e+00
2.470000000000000195e+00
2.540000000000000036e+00
2.560000000000000053e+00
2.580000000000000071e+00
2.580000000000000071e+00
2.589999999999999858e+00
2.649999999999999911e+00
2.609999999999999876e+00
2.629999999999999893e+00
2.479999999999999982e+00
0.000000000000000000e+00
0.000000000000000000e+00
0.000000000000000000e+00
0.000000000000000000e+00
0.000000000000000000e+00
0.000000000000000000e+00
0.000000000000000000e+00
0.000000000000000000e+00
0.000000000000000000e+00
0.000000000000000000e+00
0.000000000000000000e+00
0.000000000000000000e+00
0.000000000000000000e+00
0.000000000000000000e+00
0.000000000000000000e+00
0.000000000000000000e+00
0.000000000000000000e+00
0.000000000000000000e+00
0.000000000000000000e+00
0.000000000000000000e+00
0.000000000000000000e+00
0.000000000000000000e+00
0.000000000000000000e+00
0.000000000000000000e+00
0.000000000000000000e+00
0.000000000000000000e+00
0.000000000000000000e+00
0.000000000000000000e+00
0.000000000000000000e+00
1.000000000000000000e+00
1.129999999999999893e+00
1.620000000000000107e+00
1.610000000000000098e+00
1.780000000000000027e+00
1.850000000000000089e+00
1.969999999999999973e+00
2.100000000000000089e+00
2.160000000000000142e+00
2.189999999999999947e+00
2.279999999999999805e+00
2.359999999999999876e+00
2.459999999999999964e+00
2.569999999999999840e+00
2.649999999999999911e+00
2.750000000000000000e+00
2.810000000000000053e+00
2.879999999999999893e+00
2.979999999999999982e+00
2.990000000000000213e+00
3.000000000000000000e+00
2.979999999999999982e+00
2.810000000000000053e+00
2.740000000000000213e+00
2.700000000000000178e+00
2.649999999999999911e+00
2.640000000000000124e+00
2.669999999999999929e+00
2.680000000000000160e+00
2.750000000000000000e+00
2.819999999999999840e+00
2.870000000000000107e+00
2.950000000000000178e+00
3.009999999999999787e+00
3.080000000000000071e+00
3.140000000000000124e+00
3.149999999999999911e+00
3.160000000000000142e+00
3.189999999999999947e+00
3.180000000000000160e+00
3.149999999999999911e+00
3.189999999999999947e+00
3.180000000000000160e+00
3.180000000000000160e+00
3.160000000000000142e+00
3.149999999999999911e+00
3.089999999999999858e+00
3.009999999999999787e+00
2.990000000000000213e+00
2.979999999999999982e+00
2.979999999999999982e+00
2.979999999999999982e+00
3.040000000000000036e+00
3.160000000000000142e+00
3.240000000000000213e+00
3.279999999999999805e+00
3.379999999999999893e+00
3.439999999999999947e+00
3.490000000000000213e+00
3.470000000000000195e+00
3.459999999999999964e+00
3.390000000000000124e+00
3.359999999999999876e+00
3.310000000000000053e+00
3.290000000000000036e+00
3.290000000000000036e+00
3.279999999999999805e+00
3.270000000000000018e+00
3.270000000000000018e+00
3.279999999999999805e+00
3.310000000000000053e+00
3.350000000000000089e+00
3.359999999999999876e+00
3.350000000000000089e+00
3.330000000000000071e+00
3.330000000000000071e+00
3.350000000000000089e+00
3.580000000000000071e+00
3.850000000000000089e+00
4.019999999999999574e+00
4.070000000000000284e+00
4.080000000000000071e+00
4.099999999999999645e+00
4.110000000000000320e+00
4.110000000000000320e+00
4.110000000000000320e+00
4.150000000000000355e+00
4.179999999999999716e+00
4.179999999999999716e+00
4.179999999999999716e+00
4.230000000000000426e+00
4.259999999999999787e+00
4.259999999999999787e+00
4.259999999999999787e+00
4.280000000000000249e+00
4.259999999999999787e+00
4.299999999999999822e+00
4.330000000000000071e+00
4.330000000000000071e+00
4.349999999999999645e+00
4.400000000000000355e+00
4.450000000000000178e+00
4.480000000000000426e+00
4.500000000000000000e+00
4.540000000000000036e+00
4.570000000000000284e+00
4.589999999999999858e+00
4.610000000000000320e+00
4.650000000000000355e+00
4.679999999999999716e+00
4.719999999999999751e+00
4.740000000000000213e+00
4.759999999999999787e+00
4.759999999999999787e+00
4.759999999999999787e+00
4.740000000000000213e+00
4.740000000000000213e+00
4.740000000000000213e+00
4.759999999999999787e+00
4.759999999999999787e+00
4.759999999999999787e+00
4.759999999999999787e+00
4.759999999999999787e+00
4.740000000000000213e+00
4.740000000000000213e+00
4.719999999999999751e+00
4.719999999999999751e+00
4.719999999999999751e+00
4.740000000000000213e+00
4.719999999999999751e+00
4.719999999999999751e+00
4.740000000000000213e+00
4.719999999999999751e+00
4.719999999999999751e+00
4.719999999999999751e+00
4.700000000000000178e+00
4.700000000000000178e+00
4.700000000000000178e+00
4.679999999999999716e+00
4.700000000000000178e+00
4.679999999999999716e+00
4.700000000000000178e+00
4.679999999999999716e+00
4.660000000000000142e+00
4.610000000000000320e+00
4.559999999999999609e+00
4.570000000000000284e+00
4.559999999999999609e+00
4.570000000000000284e+00
4.570000000000000284e+00
4.589999999999999858e+00
4.629999999999999893e+00
4.629999999999999893e+00
4.629999999999999893e+00
4.650000000000000355e+00
4.650000000000000355e+00
4.650000000000000355e+00
4.650000000000000355e+00
4.650000000000000355e+00
4.650000000000000355e+00
4.660000000000000142e+00
4.629999999999999893e+00
4.650000000000000355e+00
4.629999999999999893e+00
4.629999999999999893e+00
4.650000000000000355e+00
4.610000000000000320e+00
4.589999999999999858e+00
4.559999999999999609e+00
4.559999999999999609e+00
4.519999999999999574e+00
4.540000000000000036e+00
4.519999999999999574e+00
4.500000000000000000e+00
4.519999999999999574e+00
4.469999999999999751e+00
4.480000000000000426e+00
4.400000000000000355e+00
4.419999999999999929e+00
4.379999999999999893e+00
4.259999999999999787e+00
3.290000000000000036e+00
3.089999999999999858e+00
2.759999999999999787e+00
2.720000000000000195e+00
2.669999999999999929e+00
2.700000000000000178e+00
2.750000000000000000e+00
2.770000000000000018e+00
2.810000000000000053e+00
2.819999999999999840e+00
2.839999999999999858e+00
2.830000000000000071e+00
2.799999999999999822e+00
2.810000000000000053e+00
2.859999999999999876e+00
2.899999999999999911e+00
2.990000000000000213e+00
3.040000000000000036e+00
3.129999999999999893e+00
3.160000000000000142e+00
3.180000000000000160e+00
3.149999999999999911e+00
3.040000000000000036e+00
3.040000000000000036e+00
3.089999999999999858e+00
3.089999999999999858e+00
3.100000000000000089e+00
3.089999999999999858e+00
3.040000000000000036e+00
3.049999999999999822e+00
3.040000000000000036e+00
3.060000000000000053e+00
3.040000000000000036e+00
3.049999999999999822e+00
3.040000000000000036e+00
3.049999999999999822e+00
3.040000000000000036e+00
3.029999999999999805e+00
3.029999999999999805e+00
3.029999999999999805e+00
3.040000000000000036e+00
3.080000000000000071e+00
3.089999999999999858e+00
3.100000000000000089e+00
3.080000000000000071e+00
3.089999999999999858e+00
3.080000000000000071e+00
3.089999999999999858e+00
3.080000000000000071e+00
3.100000000000000089e+00
3.089999999999999858e+00
3.100000000000000089e+00
3.100000000000000089e+00
3.140000000000000124e+00
3.080000000000000071e+00
3.109999999999999876e+00
2.680000000000000160e+00
2.000000000000000042e-02
4.000000000000000083e-02
5.999999999999999778e-02
5.999999999999999778e-02
1.199999999999999956e-01
1.700000000000000122e-01
1.600000000000000033e-01
1.799999999999999933e-01
1.700000000000000122e-01
1.900000000000000022e-01
2.200000000000000011e-01
2.399999999999999911e-01
2.200000000000000011e-01
2.099999999999999922e-01
2.200000000000000011e-01
2.099999999999999922e-01
2.099999999999999922e-01
2.399999999999999911e-01
2.200000000000000011e-01
2.500000000000000000e-01
2.200000000000000011e-01
2.300000000000000100e-01
2.099999999999999922e-01
2.399999999999999911e-01
2.300000000000000100e-01
2.300000000000000100e-01
2.200000000000000011e-01
2.300000000000000100e-01
2.200000000000000011e-01
2.300000000000000100e-01
2.099999999999999922e-01
2.300000000000000100e-01
2.300000000000000100e-01
2.399999999999999911e-01
2.200000000000000011e-01
2.300000000000000100e-01
2.500000000000000000e-01
2.300000000000000100e-01
2.300000000000000100e-01
2.399999999999999911e-01
2.399999999999999911e-01
2.300000000000000100e-01
2.500000000000000000e-01
2.300000000000000100e-01
2.300000000000000100e-01
2.300000000000000100e-01
2.399999999999999911e-01
2.399999999999999911e-01
2.300000000000000100e-01
2.399999999999999911e-01
2.099999999999999922e-01
2.399999999999999911e-01
2.300000000000000100e-01
2.399999999999999911e-01
2.300000000000000100e-01
2.200000000000000011e-01
2.500000000000000000e-01
2.300000000000000100e-01
2.399999999999999911e-01
2.300000000000000100e-01
2.300000000000000100e-01
2.300000000000000100e-01
2.300000000000000100e-01
