0.000000000000000000e+00
0.000000000000000000e+00
0.000000000000000000e+00
0.000000000000000000e+00
0.000000000000000000e+00
0.000000000000000000e+00
0.000000000000000000e+00
0.000000000000000000e+00
0.000000000000000000e+00
0.000000000000000000e+00
0.000000000000000000e+00
0.000000000000000000e+00
0.000000000000000000e+00
0.000000000000000000e+00
0.000000000000000000e+00
0.000000000000000000e+00
0.000000000000000000e+00
0.000000000000000000e+00
0.000000000000000000e+00
0.000000000000000000e+00
0.000000000000000000e+00
0.000000000000000000e+00
0.000000000000000000e+00
0.000000000000000000e+00
0.000000000000000000e+00
0.000000000000000000e+00
0.000000000000000000e+00
0.000000000000000000e+00
0.000000000000000000e+00
0.000000000000000000e+00
0.000000000000000000e+00
0.000000000000000000e+00
0.000000000000000000e+00
0.000000000000000000e+00
0.000000000000000000e+00
0.000000000000000000e+00
0.000000000000000000e+00
0.000000000000000000e+00
0.000000000000000000e+00
0.000000000000000000e+00
0.000000000000000000e+00
0.000000000000000000e+00
0.000000000000000000e+00
0.000000000000000000e+00
0.000000000000000000e+00
0.000000000000000000e+00
4.799999999999999822e-01
1.239999999999999991e+00
2.120000000000000107e+00
2.750000000000000000e+00
3.200000000000000178e+00
3.879999999999999893e+00
4.570000000000000284e+00
5.040000000000000036e+00
5.259999999999999787e+00
5.519999999999999574e+00
6.019999999999999574e+00
6.490000000000000213e+00
6.570000000000000284e+00
6.730000000000000426e+00
6.759999999999999787e+00
6.759999999999999787e+00
6.759999999999999787e+00
6.870000000000000107e+00
6.950000000000000178e+00
6.980000000000000426e+00
6.950000000000000178e+00
7.070000000000000284e+00
7.150000000000000355e+00
7.209999999999999964e+00
7.269999999999999574e+00
7.330000000000000071e+00
7.360000000000000320e+00
7.450000000000000178e+00
7.519999999999999574e+00
7.549999999999999822e+00
7.610000000000000320e+00
7.700000000000000178e+00
7.740000000000000213e+00
7.830000000000000071e+00
7.900000000000000355e+00
7.929999999999999716e+00
7.929999999999999716e+00
8.240000000000000213e+00
8.490000000000000213e+00
8.859999999999999432e+00
9.089999999999999858e+00
9.089999999999999858e+00
8.970000000000000639e+00
8.599999999999999645e+00
5.830000000000000071e+00
1.489999999999999991e+00
1.040000000000000036e+00
0.000000000000000000e+00
0.000000000000000000e+00
0.000000000000000000e+00
0.000000000000000000e+00
0.000000000000000000e+00
0.000000000000000000e+00
0.000000000000000000e+00
0.000000000000000000e+00
0.000000000000000000e+00
0.000000000000000000e+00
0.000000000000000000e+00
0.000000000000000000e+00
0.000000000000000000e+00
0.000000000000000000e+00
5.899999999999999689e-01
1.469999999999999973e+00
1.510000000000000009e+00
1.350000000000000089e+00
1.100000000000000089e+00
1.189999999999999947e+00
1.209999999999999964e+00
1.419999999999999929e+00
1.570000000000000062e+00
1.679999999999999938e+00
1.750000000000000000e+00
1.800000000000000044e+00
1.870000000000000107e+00
1.929999999999999938e+00
1.959999999999999964e+00
2.000000000000000000e+00
2.020000000000000018e+00
2.049999999999999822e+00
2.060000000000000053e+00
2.089999999999999858e+00
2.109999999999999876e+00
2.129999999999999893e+00
2.160000000000000142e+00
2.129999999999999893e+00
2.189999999999999947e+00
2.220000000000000195e+00
2.209999999999999964e+00
2.229999999999999982e+00
2.240000000000000213e+00
2.229999999999999982e+00
2.250000000000000000e+00
2.259999999999999787e+00
2.279999999999999805e+00
2.299999999999999822e+00
2.290000000000000036e+00
2.299999999999999822e+00
2.310000000000000053e+00
2.330000000000000071e+00
2.330000000000000071e+00
2.330000000000000071e+00
2.330000000000000071e+00
2.339999999999999858e+00
2.359999999999999876e+00
2.370000000000000107e+00
2.370000000000000107e+00
2.399999999999999911e+00
2.399999999999999911e+00
2.390000000000000124e+00
2.390000000000000124e+00
2.410000000000000142e+00
2.410000000000000142e+00
2.410000000000000142e+00
2.410000000000000142e+00
2.399999999999999911e+00
2.410000000000000142e+00
2.390000000000000124e+00
2.399999999999999911e+00
2.410000000000000142e+00
2.209999999999999964e+00
1.540000000000000036e+00
1.229999999999999982e+00
0.000000000000000000e+00
0.000000000000000000e+00
0.000000000000000000e+00
0.000000000000000000e+00
0.000000000000000000e+00
0.000000000000000000e+00
0.000000000000000000e+00
0.000000000000000000e+00
0.000000000000000000e+00
0.000000000000000000e+00
0.000000000000000000e+00
0.000000000000000000e+00
0.000000000000000000e+00
0.000000000000000000e+00
0.000000000000000000e+00
0.000000000000000000e+00
0.000000000000000000e+00
0.000000000000000000e+00
0.000000000000000000e+00
0.000000000000000000e+00
0.000000000000000000e+00
0.000000000000000000e+00
0.000000000000000000e+00
0.000000000000000000e+00
0.000000000000000000e+00
0.000000000000000000e+00
0.000000000000000000e+00
0.000000000000000000e+00
0.000000000000000000e+00
0.000000000000000000e+00
0.000000000000000000e+00
0.000000000000000000e+00
0.000000000000000000e+00
0.000000000000000000e+00
0.000000000000000000e+00
0.000000000000000000e+00
0.000000000000000000e+00
0.000000000000000000e+00
0.000000000000000000e+00
0.000000000000000000e+00
0.000000000000000000e+00
0.000000000000000000e+00
0.000000000000000000e+00
0.000000000000000000e+00
0.000000000000000000e+00
0.000000000000000000e+00
0.000000000000000000e+00
0.000000000000000000e+00
0.000000000000000000e+00
0.000000000000000000e+00
