0.000000000000000000e+00
3.837899999999999778e+01
3.847899999999999920e+01
3.858100000000000307e+01
3.777300000000000324e+01
3.787400000000000233e+01
3.797500000000000142e+01
3.807600000000000051e+01
3.817699999999999960e+01
3.827799999999999869e+01
3.837899999999999778e+01
3.847899999999999920e+01
3.858100000000000307e+01
0.000000000000000000e+00
1.000000000000000056e-01
2.010000000000000120e-01
3.019999999999999907e-01
4.030000000000000249e-01
5.030000000000000027e-01
6.049999999999999822e-01
7.049999999999999600e-01
8.060000000000000497e-01
9.080000000000000293e-01
1.008000000000000007e+00
1.110000000000000098e+00
1.209999999999999964e+00
1.310999999999999943e+00
1.413000000000000034e+00
1.512999999999999901e+00
1.614000000000000101e+00
1.715000000000000080e+00
1.816000000000000059e+00
1.915999999999999925e+00
2.017999999999999794e+00
2.119000000000000217e+00
2.220000000000000195e+00
2.321000000000000174e+00
2.420999999999999819e+00
2.523000000000000131e+00
2.624000000000000110e+00
2.724000000000000199e+00
2.826000000000000068e+00
2.926000000000000156e+00
3.027000000000000135e+00
3.129000000000000004e+00
3.229000000000000092e+00
3.330999999999999961e+00
3.431000000000000050e+00
3.532000000000000028e+00
3.633999999999999897e+00
3.733999999999999986e+00
3.834999999999999964e+00
3.936999999999999833e+00
4.036999999999999922e+00
4.139000000000000234e+00
4.238999999999999879e+00
4.339999999999999858e+00
4.442000000000000171e+00
4.541999999999999815e+00
4.642999999999999794e+00
4.743999999999999773e+00
4.844999999999999751e+00
4.945999999999999730e+00
5.046999999999999709e+00
5.147999999999999687e+00
5.248999999999999666e+00
5.349999999999999645e+00
5.450999999999999623e+00
5.551999999999999602e+00
5.652999999999999581e+00
5.753999999999999559e+00
5.855000000000000426e+00
5.956000000000000405e+00
6.056000000000000050e+00
6.158000000000000362e+00
6.259000000000000341e+00
6.360000000000000320e+00
6.461000000000000298e+00
6.560999999999999943e+00
6.663000000000000256e+00
6.764000000000000234e+00
6.863999999999999879e+00
6.966000000000000192e+00
7.067000000000000171e+00
7.168000000000000149e+00
7.269000000000000128e+00
7.368999999999999773e+00
7.471000000000000085e+00
7.572000000000000064e+00
7.671999999999999709e+00
7.774000000000000021e+00
7.873999999999999666e+00
7.974999999999999645e+00
8.076999999999999957e+00
8.176999999999999602e+00
8.278999999999999915e+00
8.378999999999999559e+00
8.480000000000000426e+00
8.582000000000000739e+00
8.682000000000000384e+00
8.782999999999999474e+00
8.884000000000000341e+00
8.984999999999999432e+00
9.086000000000000298e+00
9.186999999999999389e+00
9.288000000000000256e+00
9.388999999999999346e+00
9.490000000000000213e+00
9.590999999999999304e+00
9.692000000000000171e+00
9.792999999999999261e+00
9.893000000000000682e+00
9.994999999999999218e+00
1.009600000000000009e+01
1.019599999999999973e+01
1.029800000000000004e+01
1.039899999999999913e+01
1.050000000000000000e+01
1.060100000000000087e+01
1.070199999999999996e+01
1.080300000000000082e+01
1.090399999999999991e+01
1.100500000000000078e+01
1.110599999999999987e+01
1.120700000000000074e+01
1.130899999999999928e+01
1.140900000000000070e+01
1.150999999999999979e+01
1.161200000000000010e+01
1.171199999999999974e+01
1.181300000000000061e+01
1.191399999999999970e+01
1.201500000000000057e+01
1.211599999999999966e+01
1.221700000000000053e+01
1.231799999999999962e+01
1.241999999999999993e+01
1.251999999999999957e+01
1.262100000000000044e+01
1.272300000000000075e+01
1.282300000000000040e+01
1.292399999999999949e+01
1.302599999999999980e+01
1.312599999999999945e+01
1.322799999999999976e+01
1.332900000000000063e+01
1.342900000000000027e+01
1.353100000000000058e+01
1.363199999999999967e+01
1.373199999999999932e+01
1.383399999999999963e+01
1.393500000000000050e+01
1.403500000000000014e+01
1.413700000000000045e+01
1.423799999999999955e+01
1.433900000000000041e+01
1.443999999999999950e+01
1.454100000000000037e+01
1.464199999999999946e+01
1.474300000000000033e+01
1.484399999999999942e+01
1.494500000000000028e+01
1.504599999999999937e+01
1.514799999999999969e+01
1.524799999999999933e+01
1.534900000000000020e+01
1.545100000000000051e+01
1.555100000000000016e+01
1.565199999999999925e+01
1.575300000000000011e+01
1.585399999999999920e+01
1.595500000000000007e+01
1.605600000000000094e+01
1.615700000000000003e+01
1.625900000000000034e+01
1.635900000000000176e+01
1.646000000000000085e+01
1.656200000000000117e+01
1.666199999999999903e+01
1.676300000000000168e+01
1.686499999999999844e+01
1.696499999999999986e+01
1.706700000000000017e+01
1.716700000000000159e+01
1.726800000000000068e+01
1.737000000000000099e+01
1.746999999999999886e+01
1.757100000000000151e+01
1.767299999999999827e+01
1.777299999999999969e+01
1.787399999999999878e+01
1.797599999999999909e+01
1.807600000000000051e+01
1.817800000000000082e+01
1.827799999999999869e+01
1.837900000000000134e+01
1.848100000000000165e+01
1.858099999999999952e+01
1.868199999999999861e+01
1.878399999999999892e+01
1.888400000000000034e+01
1.898499999999999943e+01
1.908699999999999974e+01
1.918700000000000117e+01
1.928900000000000148e+01
1.939000000000000057e+01
1.948999999999999844e+01
1.959199999999999875e+01
1.969200000000000017e+01
1.979299999999999926e+01
1.989499999999999957e+01
1.999500000000000099e+01
2.009700000000000131e+01
2.019800000000000040e+01
2.029799999999999827e+01
2.039999999999999858e+01
2.050100000000000122e+01
2.060099999999999909e+01
