0.000000000000000000e+00
6.990000000000000568e+01
6.909199999999999875e+01
6.919299999999999784e+01
6.929399999999999693e+01
6.939499999999999602e+01
6.949599999999999511e+01
6.959699999999999420e+01
6.969799999999999329e+01
6.979900000000000659e+01
6.990000000000000568e+01
0.000000000000000000e+00
1.000000000000000056e-01
2.010000000000000120e-01
3.019999999999999907e-01
4.030000000000000249e-01
5.030000000000000027e-01
6.049999999999999822e-01
7.049999999999999600e-01
8.060000000000000497e-01
9.080000000000000293e-01
1.008000000000000007e+00
1.110000000000000098e+00
1.209999999999999964e+00
1.310999999999999943e+00
1.413000000000000034e+00
1.512999999999999901e+00
1.614000000000000101e+00
1.715000000000000080e+00
1.816000000000000059e+00
1.915999999999999925e+00
2.017999999999999794e+00
2.119000000000000217e+00
2.220000000000000195e+00
2.321000000000000174e+00
2.422000000000000153e+00
2.523000000000000131e+00
2.624000000000000110e+00
2.724000000000000199e+00
2.826000000000000068e+00
2.927000000000000046e+00
3.027000000000000135e+00
3.129000000000000004e+00
3.229000000000000092e+00
3.330999999999999961e+00
3.431999999999999940e+00
3.532000000000000028e+00
3.633999999999999897e+00
3.733999999999999986e+00
3.834999999999999964e+00
3.936999999999999833e+00
4.036999999999999922e+00
4.139000000000000234e+00
4.240000000000000213e+00
4.339999999999999858e+00
4.442000000000000171e+00
4.541999999999999815e+00
4.642999999999999794e+00
4.745000000000000107e+00
4.844999999999999751e+00
4.945999999999999730e+00
5.046999999999999709e+00
5.147999999999999687e+00
5.250000000000000000e+00
5.349999999999999645e+00
5.450999999999999623e+00
5.551999999999999602e+00
5.652999999999999581e+00
5.753999999999999559e+00
5.855000000000000426e+00
5.956000000000000405e+00
6.057000000000000384e+00
6.158000000000000362e+00
6.259000000000000341e+00
6.360000000000000320e+00
6.461000000000000298e+00
6.562000000000000277e+00
6.663000000000000256e+00
6.764000000000000234e+00
6.863999999999999879e+00
6.966000000000000192e+00
7.067000000000000171e+00
7.168000000000000149e+00
7.269000000000000128e+00
7.370000000000000107e+00
7.471000000000000085e+00
7.572000000000000064e+00
7.671999999999999709e+00
7.774000000000000021e+00
7.875000000000000000e+00
7.974999999999999645e+00
8.076999999999999957e+00
8.176999999999999602e+00
8.278999999999999915e+00
8.380000000000000782e+00
8.480000000000000426e+00
8.582000000000000739e+00
8.682000000000000384e+00
8.782999999999999474e+00
8.884999999999999787e+00
8.984999999999999432e+00
9.086000000000000298e+00
9.188000000000000611e+00
9.288000000000000256e+00
9.390000000000000568e+00
9.490000000000000213e+00
9.590999999999999304e+00
9.692999999999999616e+00
9.792999999999999261e+00
9.894000000000000128e+00
9.994999999999999218e+00
1.009600000000000009e+01
1.019800000000000040e+01
1.029800000000000004e+01
1.039899999999999913e+01
1.050099999999999945e+01
1.060100000000000087e+01
1.070199999999999996e+01
1.080400000000000027e+01
1.090399999999999991e+01
1.100500000000000078e+01
1.110699999999999932e+01
1.120700000000000074e+01
1.130899999999999928e+01
1.141000000000000014e+01
1.150999999999999979e+01
1.161200000000000010e+01
1.171299999999999919e+01
1.181300000000000061e+01
1.191499999999999915e+01
1.201600000000000001e+01
1.211599999999999966e+01
1.221799999999999997e+01
1.231900000000000084e+01
1.241999999999999993e+01
1.252100000000000080e+01
1.262100000000000044e+01
1.272300000000000075e+01
1.282399999999999984e+01
1.292399999999999949e+01
1.302599999999999980e+01
1.312700000000000067e+01
1.322799999999999976e+01
1.332900000000000063e+01
1.342999999999999972e+01
1.353100000000000058e+01
1.363199999999999967e+01
1.373300000000000054e+01
1.383399999999999963e+01
1.393500000000000050e+01
1.403599999999999959e+01
1.413700000000000045e+01
1.423799999999999955e+01
1.433999999999999986e+01
1.443999999999999950e+01
1.454100000000000037e+01
1.464300000000000068e+01
1.474300000000000033e+01
1.484399999999999942e+01
1.494599999999999973e+01
1.504599999999999937e+01
1.514799999999999969e+01
1.524900000000000055e+01
1.534900000000000020e+01
1.545100000000000051e+01
1.555199999999999960e+01
1.565199999999999925e+01
1.575399999999999956e+01
1.585399999999999920e+01
1.595500000000000007e+01
1.605699999999999861e+01
1.615700000000000003e+01
1.625900000000000034e+01
1.635999999999999943e+01
1.646000000000000085e+01
1.656200000000000117e+01
1.666300000000000026e+01
1.676300000000000168e+01
1.686499999999999844e+01
1.696600000000000108e+01
1.706700000000000017e+01
1.716799999999999926e+01
1.726899999999999835e+01
1.737000000000000099e+01
1.747100000000000009e+01
1.757199999999999918e+01
1.767299999999999827e+01
1.777400000000000091e+01
1.787500000000000000e+01
1.797599999999999909e+01
1.807700000000000173e+01
1.817899999999999849e+01
1.827899999999999991e+01
1.837999999999999901e+01
1.848199999999999932e+01
1.858200000000000074e+01
1.868299999999999983e+01
1.878500000000000014e+01
1.888500000000000156e+01
1.898699999999999832e+01
1.908699999999999974e+01
1.918799999999999883e+01
1.928999999999999915e+01
1.939000000000000057e+01
1.949099999999999966e+01
1.959299999999999997e+01
1.969300000000000139e+01
1.979400000000000048e+01
1.989600000000000080e+01
1.999599999999999866e+01
2.009799999999999898e+01
2.019900000000000162e+01
2.029899999999999949e+01
2.040099999999999980e+01
2.050100000000000122e+01
2.060200000000000031e+01
2.070400000000000063e+01
2.080399999999999849e+01
2.090500000000000114e+01
2.100700000000000145e+01
2.110699999999999932e+01
2.120899999999999963e+01
2.130999999999999872e+01
2.141000000000000014e+01
2.151200000000000045e+01
2.161299999999999955e+01
2.171300000000000097e+01
2.181500000000000128e+01
2.191600000000000037e+01
2.201699999999999946e+01
2.211799999999999855e+01
2.221900000000000119e+01
2.232000000000000028e+01
2.242099999999999937e+01
2.252100000000000080e+01
2.262300000000000111e+01
2.272400000000000020e+01
2.282400000000000162e+01
2.292599999999999838e+01
2.302700000000000102e+01
2.312800000000000011e+01
2.322899999999999920e+01
2.332999999999999829e+01
2.343100000000000094e+01
2.353200000000000003e+01
2.363299999999999912e+01
2.373400000000000176e+01
2.383500000000000085e+01
2.393700000000000117e+01
2.403699999999999903e+01
2.413800000000000168e+01
2.423999999999999844e+01
2.433999999999999986e+01
2.444099999999999895e+01
2.454299999999999926e+01
2.464300000000000068e+01
2.474399999999999977e+01
2.484600000000000009e+01
2.494600000000000151e+01
2.504799999999999827e+01
2.514900000000000091e+01
2.524899999999999878e+01
2.535099999999999909e+01
2.545100000000000051e+01
2.555199999999999960e+01
2.565399999999999991e+01
2.575400000000000134e+01
2.585600000000000165e+01
2.595700000000000074e+01
2.605699999999999861e+01
2.615899999999999892e+01
2.626000000000000156e+01
2.635999999999999943e+01
2.646199999999999974e+01
2.656299999999999883e+01
2.666300000000000026e+01
2.676500000000000057e+01
2.686599999999999966e+01
2.696699999999999875e+01
2.706800000000000139e+01
2.716900000000000048e+01
2.726999999999999957e+01
2.737099999999999866e+01
2.747200000000000131e+01
2.757300000000000040e+01
2.767399999999999949e+01
2.777599999999999980e+01
2.787600000000000122e+01
2.797700000000000031e+01
2.807900000000000063e+01
2.817899999999999849e+01
2.828000000000000114e+01
2.838200000000000145e+01
2.848199999999999932e+01
2.858299999999999841e+01
2.868400000000000105e+01
2.878500000000000014e+01
2.888700000000000045e+01
2.898699999999999832e+01
2.908800000000000097e+01
2.919000000000000128e+01
2.928999999999999915e+01
2.939099999999999824e+01
2.949299999999999855e+01
2.959299999999999997e+01
2.969399999999999906e+01
2.979599999999999937e+01
2.989600000000000080e+01
2.999800000000000111e+01
3.009900000000000020e+01
3.019900000000000162e+01
3.030099999999999838e+01
3.040200000000000102e+01
3.050199999999999889e+01
3.060399999999999920e+01
3.070499999999999829e+01
3.080600000000000094e+01
3.090700000000000003e+01
3.100799999999999912e+01
3.110900000000000176e+01
3.121000000000000085e+01
3.131099999999999994e+01
3.141199999999999903e+01
3.151300000000000168e+01
3.161400000000000077e+01
3.171499999999999986e+01
3.181599999999999895e+01
3.191799999999999926e+01
3.201800000000000068e+01
3.211899999999999977e+01
3.221999999999999886e+01
3.232099999999999795e+01
3.242199999999999704e+01
3.252300000000000324e+01
3.262400000000000233e+01
3.272599999999999909e+01
3.282600000000000051e+01
3.292699999999999960e+01
3.302900000000000347e+01
3.312899999999999778e+01
3.322999999999999687e+01
3.333200000000000074e+01
3.343200000000000216e+01
3.353300000000000125e+01
3.363499999999999801e+01
3.373499999999999943e+01
3.383700000000000330e+01
3.393800000000000239e+01
3.403799999999999670e+01
3.414000000000000057e+01
3.424099999999999966e+01
3.434100000000000108e+01
3.444299999999999784e+01
3.454399999999999693e+01
3.464399999999999835e+01
3.474600000000000222e+01
3.484700000000000131e+01
3.494800000000000040e+01
3.504899999999999949e+01
3.514999999999999858e+01
3.525099999999999767e+01
3.535199999999999676e+01
3.545300000000000296e+01
3.555400000000000205e+01
3.565500000000000114e+01
3.575600000000000023e+01
3.585699999999999932e+01
3.595799999999999841e+01
3.605899999999999750e+01
3.615999999999999659e+01
3.626100000000000279e+01
3.636200000000000188e+01
3.646300000000000097e+01
3.656400000000000006e+01
3.666499999999999915e+01
3.676599999999999824e+01
3.686800000000000210e+01
3.696800000000000352e+01
3.706900000000000261e+01
3.717099999999999937e+01
3.727100000000000080e+01
3.737199999999999989e+01
3.747399999999999665e+01
3.757399999999999807e+01
3.767600000000000193e+01
3.777700000000000102e+01
3.787700000000000244e+01
3.797899999999999920e+01
3.807999999999999829e+01
3.817999999999999972e+01
3.828199999999999648e+01
3.838300000000000267e+01
3.848299999999999699e+01
3.858500000000000085e+01
3.868599999999999994e+01
3.878699999999999903e+01
3.888799999999999812e+01
3.898899999999999721e+01
3.909000000000000341e+01
3.919100000000000250e+01
3.929099999999999682e+01
3.939300000000000068e+01
3.949399999999999977e+01
3.959499999999999886e+01
3.969599999999999795e+01
3.979699999999999704e+01
3.989800000000000324e+01
3.999900000000000233e+01
4.010000000000000142e+01
4.020100000000000051e+01
4.030199999999999960e+01
4.040299999999999869e+01
4.050399999999999778e+01
4.060499999999999687e+01
4.070700000000000074e+01
4.080700000000000216e+01
4.090800000000000125e+01
4.100999999999999801e+01
4.110999999999999943e+01
4.121099999999999852e+01
4.131199999999999761e+01
4.141299999999999670e+01
4.151500000000000057e+01
4.161500000000000199e+01
4.171600000000000108e+01
4.181799999999999784e+01
4.191799999999999926e+01
4.201899999999999835e+01
4.212100000000000222e+01
4.222099999999999653e+01
4.232200000000000273e+01
4.242399999999999949e+01
4.252400000000000091e+01
4.262599999999999767e+01
4.272699999999999676e+01
4.282699999999999818e+01
4.292900000000000205e+01
4.303000000000000114e+01
4.313000000000000256e+01
4.323199999999999932e+01
4.333299999999999841e+01
4.343299999999999983e+01
4.353499999999999659e+01
4.363600000000000279e+01
4.373700000000000188e+01
4.383800000000000097e+01
4.393800000000000239e+01
4.403999999999999915e+01
4.414099999999999824e+01
4.424099999999999966e+01
4.434300000000000352e+01
4.444400000000000261e+01
4.454500000000000171e+01
4.464600000000000080e+01
4.474699999999999989e+01
4.484799999999999898e+01
4.494899999999999807e+01
4.504999999999999716e+01
4.515100000000000335e+01
4.525200000000000244e+01
4.535300000000000153e+01
4.545400000000000063e+01
4.555499999999999972e+01
4.565699999999999648e+01
4.575699999999999790e+01
4.585799999999999699e+01
4.596000000000000085e+01
4.606000000000000227e+01
4.616100000000000136e+01
4.626299999999999812e+01
4.636299999999999955e+01
4.646500000000000341e+01
4.656600000000000250e+01
4.666599999999999682e+01
4.676800000000000068e+01
4.686899999999999977e+01
4.696900000000000119e+01
4.707099999999999795e+01
4.717199999999999704e+01
4.727199999999999847e+01
4.737400000000000233e+01
4.747500000000000142e+01
4.757600000000000051e+01
4.767699999999999960e+01
4.777700000000000102e+01
4.787899999999999778e+01
4.797999999999999687e+01
4.807999999999999829e+01
4.818200000000000216e+01
4.828300000000000125e+01
4.838400000000000034e+01
4.848499999999999943e+01
4.858599999999999852e+01
4.868699999999999761e+01
4.878799999999999670e+01
4.888900000000000290e+01
4.899000000000000199e+01
4.909100000000000108e+01
4.919200000000000017e+01
4.929299999999999926e+01
4.939399999999999835e+01
4.949600000000000222e+01
4.959599999999999653e+01
4.969700000000000273e+01
4.979899999999999949e+01
4.989900000000000091e+01
5.000000000000000000e+01
5.010199999999999676e+01
5.020199999999999818e+01
5.030400000000000205e+01
5.040500000000000114e+01
5.050500000000000256e+01
5.060699999999999932e+01
5.070799999999999841e+01
5.080799999999999983e+01
5.090999999999999659e+01
5.101100000000000279e+01
5.111099999999999710e+01
5.121300000000000097e+01
5.131300000000000239e+01
5.141499999999999915e+01
5.151599999999999824e+01
5.161599999999999966e+01
5.171800000000000352e+01
5.181900000000000261e+01
5.191899999999999693e+01
5.202100000000000080e+01
5.212199999999999989e+01
5.222200000000000131e+01
5.232399999999999807e+01
5.242499999999999716e+01
5.252600000000000335e+01
5.262700000000000244e+01
5.272800000000000153e+01
5.282900000000000063e+01
5.292999999999999972e+01
5.303099999999999881e+01
5.313199999999999790e+01
5.323299999999999699e+01
5.333500000000000085e+01
5.343500000000000227e+01
5.353600000000000136e+01
5.363799999999999812e+01
5.373799999999999955e+01
5.383899999999999864e+01
5.394100000000000250e+01
5.404099999999999682e+01
5.414200000000000301e+01
5.424399999999999977e+01
5.434400000000000119e+01
5.444599999999999795e+01
5.454599999999999937e+01
5.464699999999999847e+01
5.474900000000000233e+01
5.484899999999999665e+01
5.495000000000000284e+01
5.505199999999999960e+01
5.515200000000000102e+01
5.525399999999999778e+01
5.535499999999999687e+01
5.545499999999999829e+01
5.555700000000000216e+01
5.565800000000000125e+01
5.575800000000000267e+01
5.585999999999999943e+01
5.596099999999999852e+01
5.606099999999999994e+01
5.616299999999999670e+01
5.626400000000000290e+01
5.636500000000000199e+01
5.646600000000000108e+01
5.656700000000000017e+01
5.666799999999999926e+01
5.676899999999999835e+01
5.686999999999999744e+01
5.697099999999999653e+01
5.707200000000000273e+01
5.717399999999999949e+01
5.727400000000000091e+01
5.737500000000000000e+01
5.747599999999999909e+01
5.757699999999999818e+01
5.767799999999999727e+01
5.777900000000000347e+01
5.788000000000000256e+01
5.798100000000000165e+01
5.808200000000000074e+01
5.818299999999999983e+01
5.828499999999999659e+01
5.838499999999999801e+01
5.848599999999999710e+01
5.858800000000000097e+01
5.868800000000000239e+01
5.878900000000000148e+01
5.889099999999999824e+01
5.899099999999999966e+01
5.909199999999999875e+01
5.919400000000000261e+01
5.929399999999999693e+01
5.939600000000000080e+01
5.949699999999999989e+01
5.959700000000000131e+01
5.969899999999999807e+01
5.979999999999999716e+01
5.989999999999999858e+01
6.000200000000000244e+01
6.010300000000000153e+01
6.020400000000000063e+01
6.030499999999999972e+01
6.040500000000000114e+01
6.050699999999999790e+01
6.060799999999999699e+01
6.070799999999999841e+01
6.081000000000000227e+01
6.091100000000000136e+01
6.101100000000000279e+01
6.111299999999999955e+01
6.121399999999999864e+01
6.131499999999999773e+01
6.141599999999999682e+01
6.151599999999999824e+01
6.161800000000000210e+01
6.171900000000000119e+01
6.181900000000000261e+01
6.192099999999999937e+01
6.202199999999999847e+01
6.212299999999999756e+01
6.222399999999999665e+01
6.232500000000000284e+01
6.242600000000000193e+01
6.252700000000000102e+01
6.262700000000000244e+01
6.272899999999999920e+01
6.282999999999999829e+01
6.292999999999999972e+01
6.303199999999999648e+01
6.313300000000000267e+01
6.323400000000000176e+01
6.333500000000000085e+01
6.343599999999999994e+01
6.353699999999999903e+01
6.363799999999999812e+01
6.373899999999999721e+01
6.384000000000000341e+01
6.394100000000000250e+01
6.404099999999999682e+01
6.414300000000000068e+01
6.424399999999999977e+01
6.434499999999999886e+01
6.444599999999999795e+01
6.454699999999999704e+01
6.464799999999999613e+01
6.474899999999999523e+01
6.484999999999999432e+01
6.495099999999999341e+01
6.505200000000000671e+01
6.515300000000000580e+01
6.525400000000000489e+01
