0.000000000000000000e+00
0.000000000000000000e+00
0.000000000000000000e+00
0.000000000000000000e+00
0.000000000000000000e+00
0.000000000000000000e+00
0.000000000000000000e+00
0.000000000000000000e+00
0.000000000000000000e+00
0.000000000000000000e+00
0.000000000000000000e+00
0.000000000000000000e+00
0.000000000000000000e+00
0.000000000000000000e+00
0.000000000000000000e+00
0.000000000000000000e+00
0.000000000000000000e+00
0.000000000000000000e+00
0.000000000000000000e+00
0.000000000000000000e+00
0.000000000000000000e+00
0.000000000000000000e+00
0.000000000000000000e+00
0.000000000000000000e+00
0.000000000000000000e+00
0.000000000000000000e+00
0.000000000000000000e+00
0.000000000000000000e+00
0.000000000000000000e+00
0.000000000000000000e+00
0.000000000000000000e+00
0.000000000000000000e+00
0.000000000000000000e+00
0.000000000000000000e+00
0.000000000000000000e+00
0.000000000000000000e+00
0.000000000000000000e+00
0.000000000000000000e+00
0.000000000000000000e+00
0.000000000000000000e+00
0.000000000000000000e+00
0.000000000000000000e+00
0.000000000000000000e+00
0.000000000000000000e+00
0.000000000000000000e+00
0.000000000000000000e+00
0.000000000000000000e+00
0.000000000000000000e+00
0.000000000000000000e+00
0.000000000000000000e+00
0.000000000000000000e+00
0.000000000000000000e+00
0.000000000000000000e+00
0.000000000000000000e+00
0.000000000000000000e+00
0.000000000000000000e+00
0.000000000000000000e+00
0.000000000000000000e+00
0.000000000000000000e+00
0.000000000000000000e+00
0.000000000000000000e+00
0.000000000000000000e+00
0.000000000000000000e+00
1.000000000000000021e-02
7.800000000000000266e-01
1.479999999999999982e+00
1.929999999999999938e+00
2.129999999999999893e+00
2.310000000000000053e+00
2.410000000000000142e+00
2.490000000000000213e+00
2.589999999999999858e+00
2.660000000000000142e+00
2.720000000000000195e+00
2.750000000000000000e+00
2.799999999999999822e+00
2.810000000000000053e+00
2.839999999999999858e+00
2.839999999999999858e+00
2.859999999999999876e+00
2.879999999999999893e+00
2.890000000000000124e+00
2.899999999999999911e+00
2.919999999999999929e+00
2.919999999999999929e+00
2.930000000000000160e+00
2.950000000000000178e+00
2.950000000000000178e+00
2.959999999999999964e+00
2.979999999999999982e+00
2.990000000000000213e+00
3.000000000000000000e+00
3.009999999999999787e+00
3.009999999999999787e+00
3.029999999999999805e+00
3.040000000000000036e+00
3.040000000000000036e+00
3.049999999999999822e+00
3.049999999999999822e+00
3.049999999999999822e+00
3.049999999999999822e+00
3.060000000000000053e+00
3.049999999999999822e+00
3.060000000000000053e+00
3.060000000000000053e+00
3.060000000000000053e+00
3.060000000000000053e+00
3.060000000000000053e+00
3.060000000000000053e+00
3.080000000000000071e+00
3.080000000000000071e+00
3.080000000000000071e+00
3.089999999999999858e+00
3.060000000000000053e+00
3.080000000000000071e+00
3.080000000000000071e+00
3.080000000000000071e+00
3.060000000000000053e+00
3.060000000000000053e+00
3.060000000000000053e+00
3.060000000000000053e+00
3.049999999999999822e+00
3.049999999999999822e+00
3.060000000000000053e+00
3.049999999999999822e+00
3.049999999999999822e+00
3.049999999999999822e+00
3.049999999999999822e+00
3.060000000000000053e+00
3.080000000000000071e+00
3.060000000000000053e+00
3.080000000000000071e+00
3.060000000000000053e+00
3.060000000000000053e+00
2.919999999999999929e+00
1.860000000000000098e+00
2.099999999999999922e-01
0.000000000000000000e+00
0.000000000000000000e+00
0.000000000000000000e+00
0.000000000000000000e+00
0.000000000000000000e+00
0.000000000000000000e+00
0.000000000000000000e+00
0.000000000000000000e+00
0.000000000000000000e+00
0.000000000000000000e+00
0.000000000000000000e+00
0.000000000000000000e+00
0.000000000000000000e+00
0.000000000000000000e+00
0.000000000000000000e+00
2.099999999999999922e-01
1.060000000000000053e+00
1.820000000000000062e+00
2.089999999999999858e+00
2.310000000000000053e+00
2.450000000000000178e+00
2.540000000000000036e+00
2.600000000000000089e+00
2.649999999999999911e+00
2.689999999999999947e+00
2.729999999999999982e+00
2.759999999999999787e+00
2.779999999999999805e+00
2.819999999999999840e+00
2.839999999999999858e+00
2.870000000000000107e+00
2.879999999999999893e+00
2.899999999999999911e+00
2.919999999999999929e+00
2.930000000000000160e+00
2.950000000000000178e+00
2.950000000000000178e+00
2.979999999999999982e+00
2.979999999999999982e+00
3.000000000000000000e+00
3.000000000000000000e+00
3.009999999999999787e+00
3.029999999999999805e+00
3.040000000000000036e+00
3.049999999999999822e+00
3.049999999999999822e+00
3.060000000000000053e+00
3.080000000000000071e+00
3.089999999999999858e+00
3.089999999999999858e+00
3.100000000000000089e+00
3.100000000000000089e+00
3.109999999999999876e+00
3.129999999999999893e+00
3.140000000000000124e+00
3.140000000000000124e+00
3.140000000000000124e+00
3.149999999999999911e+00
3.149999999999999911e+00
3.160000000000000142e+00
3.180000000000000160e+00
3.180000000000000160e+00
3.180000000000000160e+00
3.189999999999999947e+00
3.189999999999999947e+00
3.200000000000000178e+00
3.189999999999999947e+00
3.200000000000000178e+00
3.220000000000000195e+00
3.220000000000000195e+00
3.229999999999999982e+00
3.229999999999999982e+00
3.229999999999999982e+00
3.240000000000000213e+00
3.240000000000000213e+00
3.240000000000000213e+00
3.259999999999999787e+00
3.259999999999999787e+00
3.270000000000000018e+00
3.270000000000000018e+00
3.270000000000000018e+00
3.270000000000000018e+00
3.270000000000000018e+00
3.279999999999999805e+00
3.279999999999999805e+00
3.290000000000000036e+00
3.290000000000000036e+00
3.290000000000000036e+00
3.259999999999999787e+00
1.370000000000000107e+00
0.000000000000000000e+00
0.000000000000000000e+00
0.000000000000000000e+00
0.000000000000000000e+00
0.000000000000000000e+00
0.000000000000000000e+00
0.000000000000000000e+00
0.000000000000000000e+00
0.000000000000000000e+00
0.000000000000000000e+00
0.000000000000000000e+00
0.000000000000000000e+00
0.000000000000000000e+00
0.000000000000000000e+00
0.000000000000000000e+00
0.000000000000000000e+00
0.000000000000000000e+00
0.000000000000000000e+00
0.000000000000000000e+00
0.000000000000000000e+00
0.000000000000000000e+00
0.000000000000000000e+00
0.000000000000000000e+00
0.000000000000000000e+00
0.000000000000000000e+00
0.000000000000000000e+00
0.000000000000000000e+00
0.000000000000000000e+00
0.000000000000000000e+00
0.000000000000000000e+00
0.000000000000000000e+00
0.000000000000000000e+00
0.000000000000000000e+00
0.000000000000000000e+00
0.000000000000000000e+00
0.000000000000000000e+00
0.000000000000000000e+00
0.000000000000000000e+00
0.000000000000000000e+00
0.000000000000000000e+00
0.000000000000000000e+00
0.000000000000000000e+00
0.000000000000000000e+00
0.000000000000000000e+00
0.000000000000000000e+00
0.000000000000000000e+00
0.000000000000000000e+00
0.000000000000000000e+00
0.000000000000000000e+00
0.000000000000000000e+00
0.000000000000000000e+00
0.000000000000000000e+00
0.000000000000000000e+00
0.000000000000000000e+00
0.000000000000000000e+00
0.000000000000000000e+00
0.000000000000000000e+00
0.000000000000000000e+00
0.000000000000000000e+00
